obs3d.dat
 
  141  99999.00     942


  46200.00  26700.00      0.00  46200.00  26800.00      0.00   6

  46200.00  27100.00      0.00  46200.00  27000.00      0.00  0.846175E-02  0.423087E-03
  46200.00  27200.00      0.00  46200.00  27100.00      0.00  0.514601E-02  0.257301E-03
  46200.00  27300.00      0.00  46200.00  27200.00      0.00  0.257566E-02  0.128783E-03
  46200.00  27400.00      0.00  46200.00  27300.00      0.00  0.166128E-02  0.830638E-04
  46200.00  27500.00      0.00  46200.00  27400.00      0.00  0.100514E-02  0.502570E-04
  46200.00  27600.00      0.00  46200.00  27500.00      0.00  0.765460E-03  0.382730E-04

  46200.00  26800.00      0.00  46200.00  26900.00      0.00   7

  46200.00  27100.00      0.00  46200.00  27000.00      0.00  0.281704E-01  0.140852E-02
  46200.00  27200.00      0.00  46200.00  27100.00      0.00  0.121754E-01  0.608768E-03
  46200.00  27300.00      0.00  46200.00  27200.00      0.00  0.509827E-02  0.254913E-03
  46200.00  27400.00      0.00  46200.00  27300.00      0.00  0.298681E-02  0.149340E-03
  46200.00  27500.00      0.00  46200.00  27400.00      0.00  0.168098E-02  0.840490E-04
  46200.00  27600.00      0.00  46200.00  27500.00      0.00  0.122398E-02  0.611989E-04
  46200.00  27700.00      0.00  46200.00  27600.00      0.00  0.773039E-03  0.386519E-04

  46200.00  26900.00      0.00  46200.00  27000.00      0.00   7

  46200.00  27200.00      0.00  46200.00  27100.00      0.00  0.383033E-01  0.191517E-02
  46200.00  27300.00      0.00  46200.00  27200.00      0.00  0.111409E-01  0.557043E-03
  46200.00  27400.00      0.00  46200.00  27300.00      0.00  0.544841E-02  0.272420E-03
  46200.00  27500.00      0.00  46200.00  27400.00      0.00  0.274543E-02  0.137271E-03
  46200.00  27600.00      0.00  46200.00  27500.00      0.00  0.187803E-02  0.939015E-04
  46200.00  27700.00      0.00  46200.00  27600.00      0.00  0.115387E-02  0.576937E-04
  46200.00  27800.00      0.00  46200.00  27700.00      0.00  0.129092E-02  0.645462E-04

  46200.00  27000.00      0.00  46200.00  27100.00      0.00   6

  46200.00  27300.00      0.00  46200.00  27200.00      0.00  0.228653E-01  0.114326E-02
  46200.00  27400.00      0.00  46200.00  27300.00      0.00  0.819649E-02  0.409824E-03
  46200.00  27500.00      0.00  46200.00  27400.00      0.00  0.358099E-02  0.179050E-03
  46200.00  27600.00      0.00  46200.00  27500.00      0.00  0.226000E-02  0.113000E-03
  46200.00  27700.00      0.00  46200.00  27600.00      0.00  0.130204E-02  0.651020E-04
  46200.00  27800.00      0.00  46200.00  27700.00      0.00  0.141534E-02  0.707672E-04

  46200.00  27100.00      0.00  46200.00  27200.00      0.00   7

  46200.00  27400.00      0.00  46200.00  27300.00      0.00  0.272155E-01  0.136078E-02
  46200.00  27500.00      0.00  46200.00  27400.00      0.00  0.809038E-02  0.404519E-03
  46200.00  27600.00      0.00  46200.00  27500.00      0.00  0.437676E-02  0.218838E-03
  46200.00  27700.00      0.00  46200.00  27600.00      0.00  0.248017E-02  0.124008E-03
  46200.00  27800.00      0.00  46200.00  27700.00      0.00  0.234792E-02  0.117396E-03
  46200.00  27900.00      0.00  46200.00  27800.00      0.00  0.106861E-02  0.534306E-04
  46200.00  28000.00      0.00  46200.00  27900.00      0.00  0.171534E-02  0.857669E-04

  46200.00  27200.00      0.00  46200.00  27300.00      0.00   7

  46200.00  27500.00      0.00  46200.00  27400.00      0.00  0.171357E-01  0.856785E-03
  46200.00  27600.00      0.00  46200.00  27500.00      0.00  0.677735E-02  0.338868E-03
  46200.00  27700.00      0.00  46200.00  27600.00      0.00  0.354385E-02  0.177193E-03
  46200.00  27800.00      0.00  46200.00  27700.00      0.00  0.318841E-02  0.159420E-03
  46200.00  27900.00      0.00  46200.00  27800.00      0.00  0.137631E-02  0.688156E-04
  46200.00  28000.00      0.00  46200.00  27900.00      0.00  0.208417E-02  0.104209E-03
  46200.00  28100.00      0.00  46200.00  28000.00      0.00  0.644831E-03  0.322415E-04

  46200.00  27300.00      0.00  46200.00  27400.00      0.00   6

  46200.00  27600.00      0.00  46200.00  27500.00      0.00  0.171357E-01  0.856785E-03
  46200.00  27700.00      0.00  46200.00  27600.00      0.00  0.690998E-02  0.345499E-03
  46200.00  27800.00      0.00  46200.00  27700.00      0.00  0.565531E-02  0.282766E-03
  46200.00  27900.00      0.00  46200.00  27800.00      0.00  0.228653E-02  0.114326E-03
  46200.00  28000.00      0.00  46200.00  27900.00      0.00  0.327253E-02  0.163627E-03
  46200.00  28100.00      0.00  46200.00  28000.00      0.00  0.946404E-03  0.473202E-04

  46200.00  27400.00      0.00  46200.00  27500.00      0.00   6

  46200.00  27700.00      0.00  46200.00  27600.00      0.00  0.182498E-01  0.912489E-03
  46200.00  27800.00      0.00  46200.00  27700.00      0.00  0.120162E-01  0.600811E-03
  46200.00  27900.00      0.00  46200.00  27800.00      0.00  0.423883E-02  0.211942E-03
  46200.00  28000.00      0.00  46200.00  27900.00      0.00  0.544310E-02  0.272155E-03
  46200.00  28100.00      0.00  46200.00  28000.00      0.00  0.142330E-02  0.711651E-04
  46200.00  28200.00      0.00  46200.00  28100.00      0.00  0.863985E-03  0.431992E-04

  46200.00  27500.00      0.00  46200.00  27600.00      0.00   6

  46200.00  27800.00      0.00  46200.00  27700.00      0.00  0.344305E-01  0.172153E-02
  46200.00  27900.00      0.00  46200.00  27800.00      0.00  0.911163E-02  0.455581E-03
  46200.00  28000.00      0.00  46200.00  27900.00      0.00  0.996311E-02  0.498155E-03
  46200.00  28100.00      0.00  46200.00  28000.00      0.00  0.224674E-02  0.112337E-03
  46200.00  28200.00      0.00  46200.00  28100.00      0.00  0.131114E-02  0.655567E-04
  46200.00  28300.00      0.00  46200.00  28200.00      0.00  0.117566E-02  0.587832E-04

  46200.00  27600.00      0.00  46200.00  27700.00      0.00   6

  46200.00  27900.00      0.00  46200.00  27800.00      0.00  0.191517E-01  0.957583E-03
  46200.00  28000.00      0.00  46200.00  27900.00      0.00  0.166052E-01  0.830259E-03
  46200.00  28100.00      0.00  46200.00  28000.00      0.00  0.327329E-02  0.163665E-03
  46200.00  28200.00      0.00  46200.00  28100.00      0.00  0.173744E-02  0.868721E-04
  46200.00  28300.00      0.00  46200.00  28200.00      0.00  0.146574E-02  0.732871E-04
  46200.00  28400.00      0.00  46200.00  28300.00      0.00  0.731355E-03  0.365678E-04

  46200.00  27700.00      0.00  46200.00  27800.00      0.00   6

  46200.00  28000.00      0.00  46200.00  27900.00      0.00  0.632376E-01  0.316188E-02
  46200.00  28100.00      0.00  46200.00  28000.00      0.00  0.787818E-02  0.393909E-03
  46200.00  28200.00      0.00  46200.00  28100.00      0.00  0.369240E-02  0.184620E-03
  46200.00  28300.00      0.00  46200.00  28200.00      0.00  0.291784E-02  0.145892E-03
  46200.00  28400.00      0.00  46200.00  28300.00      0.00  0.134751E-02  0.673757E-04
  46200.00  28500.00      0.00  46200.00  28400.00      0.00  0.460413E-03  0.230206E-04

  46200.00  27800.00      0.00  46200.00  27900.00      0.00   7

  46200.00  28100.00      0.00  46200.00  28000.00      0.00  0.182498E-01  0.912489E-03
  46200.00  28200.00      0.00  46200.00  28100.00      0.00  0.515928E-02  0.257964E-03
  46200.00  28300.00      0.00  46200.00  28200.00      0.00  0.348019E-02  0.174010E-03
  46200.00  28400.00      0.00  46200.00  28300.00      0.00  0.145362E-02  0.726808E-04
  46200.00  28500.00      0.00  46200.00  28400.00      0.00  0.480497E-03  0.240248E-04
  46200.00  28600.00      0.00  46200.00  28500.00      0.00  0.862090E-04  0.473676E-05
  46200.00  28700.00      0.00  46200.00  28600.00      0.00  0.422519E-03  0.211259E-04

  46200.00  27900.00      0.00  46200.00  28000.00      0.00   7

  46200.00  28200.00      0.00  46200.00  28100.00      0.00  0.410090E-01  0.205045E-02
  46200.00  28300.00      0.00  46200.00  28200.00      0.00  0.188466E-01  0.942331E-03
  46200.00  28400.00      0.00  46200.00  28300.00      0.00  0.645639E-02  0.322820E-03
  46200.00  28500.00      0.00  46200.00  28400.00      0.00  0.197087E-02  0.985435E-04
  46200.00  28600.00      0.00  46200.00  28500.00      0.00  0.331952E-03  0.165976E-04
  46200.00  28700.00      0.00  46200.00  28600.00      0.00  0.124766E-02  0.623831E-04
  46200.00  28800.00      0.00  46200.00  28700.00      0.00  0.333341E-02  0.166671E-03

  46200.00  28000.00      0.00  46200.00  28100.00      0.00   6

  46200.00  28300.00      0.00  46200.00  28200.00      0.00  0.451470E-01  0.225735E-02
  46200.00  28400.00      0.00  46200.00  28300.00      0.00  0.994719E-02  0.497360E-03
  46200.00  28500.00      0.00  46200.00  28400.00      0.00  0.254648E-02  0.127324E-03
  46200.00  28600.00      0.00  46200.00  28500.00      0.00  0.371362E-03  0.185681E-04
  46200.00  28700.00      0.00  46200.00  28600.00      0.00  0.105649E-02  0.528243E-04
  46200.00  28800.00      0.00  46200.00  28700.00      0.00  0.272364E-02  0.136182E-03

  46200.00  28100.00      0.00  46200.00  28200.00      0.00   7

  46200.00  28400.00      0.00  46200.00  28300.00      0.00  0.232897E-01  0.116449E-02
  46200.00  28500.00      0.00  46200.00  28400.00      0.00  0.490728E-02  0.245364E-03
  46200.00  28600.00      0.00  46200.00  28500.00      0.00  0.594179E-03  0.297090E-04
  46200.00  28700.00      0.00  46200.00  28600.00      0.00  0.148545E-02  0.742724E-04
  46200.00  28800.00      0.00  46200.00  28700.00      0.00  0.353931E-02  0.176965E-03
  46200.00  28900.00      0.00  46200.00  28800.00      0.00  0.132061E-02  0.660304E-04
  46200.00  29000.00      0.00  46200.00  28900.00      0.00  0.138566E-02  0.692830E-04

  46200.00  28200.00      0.00  46200.00  28300.00      0.00   7

  46200.00  28500.00      0.00  46200.00  28400.00      0.00  0.217512E-01  0.108756E-02
  46200.00  28600.00      0.00  46200.00  28500.00      0.00  0.169765E-02  0.848827E-04
  46200.00  28700.00      0.00  46200.00  28600.00      0.00  0.294437E-02  0.147218E-03
  46200.00  28800.00      0.00  46200.00  28700.00      0.00  0.669247E-02  0.334624E-03
  46200.00  28900.00      0.00  46200.00  28800.00      0.00  0.246463E-02  0.123231E-03
  46200.00  29000.00      0.00  46200.00  28900.00      0.00  0.244417E-02  0.122208E-03
  46200.00  29100.00      0.00  46200.00  29000.00      0.00  0.104272E-02  0.521359E-04

  46200.00  28300.00      0.00  46200.00  28400.00      0.00   6

  46200.00  28600.00      0.00  46200.00  28500.00      0.00  0.408498E-02  0.265259E-03
  46200.00  28700.00      0.00  46200.00  28600.00      0.00  0.351467E-02  0.175734E-03
  46200.00  28800.00      0.00  46200.00  28700.00      0.00  0.734766E-02  0.367383E-03
  46200.00  28900.00      0.00  46200.00  28800.00      0.00  0.297885E-02  0.148943E-03
  46200.00  29000.00      0.00  46200.00  28900.00      0.00  0.245857E-02  0.122928E-03
  46200.00  29100.00      0.00  46200.00  29000.00      0.00  0.100325E-02  0.501623E-04

  46200.00  28400.00      0.00  46200.00  28500.00      0.00   6

  46200.00  28700.00      0.00  46200.00  28600.00      0.00  0.297090E-02  0.265259E-03
  46200.00  28800.00      0.00  46200.00  28700.00      0.00  0.481444E-02  0.240722E-03
  46200.00  28900.00      0.00  46200.00  28800.00      0.00  0.124671E-02  0.623357E-04
  46200.00  29000.00      0.00  46200.00  28900.00      0.00  0.120958E-02  0.604789E-04
  46200.00  29100.00      0.00  46200.00  29000.00      0.00  0.510812E-03  0.255406E-04
  46200.00  29200.00      0.00  46200.00  29100.00      0.00  0.167681E-03  0.838406E-05

  46200.00  28500.00      0.00  46200.00  28600.00      0.00   6

  46200.00  28800.00      0.00  46200.00  28700.00      0.00  0.104512E-01  0.522559E-03
  46200.00  28900.00      0.00  46200.00  28800.00      0.00  0.183028E-02  0.915142E-04
  46200.00  29000.00      0.00  46200.00  28900.00      0.00  0.115653E-02  0.578263E-04
  46200.00  29100.00      0.00  46200.00  29000.00      0.00  0.381972E-03  0.190986E-04
  46200.00  29200.00      0.00  46200.00  29100.00      0.00  0.106103E-03  0.757881E-05
  46200.00  29300.00      0.00  46200.00  29200.00      0.00  0.644199E-04  0.473676E-05

  46200.00  28600.00      0.00  46200.00  28700.00      0.00   4

  46200.00  28900.00      0.00  46200.00  28800.00      0.00  0.439639E+00  0.219820E-01
  46200.00  29000.00      0.00  46200.00  28900.00      0.00  0.139791E+00  0.698956E-02
  46200.00  29100.00      0.00  46200.00  29000.00      0.00  0.373590E-01  0.186795E-02
  46200.00  29200.00      0.00  46200.00  29100.00      0.00  0.667390E-02  0.333695E-03

  46200.00  28700.00      0.00  46200.00  28800.00      0.00   4

  46200.00  29000.00      0.00  46200.00  28900.00      0.00  0.176025E+01  0.880127E-01
  46200.00  29100.00      0.00  46200.00  29000.00      0.00  0.291386E+00  0.145693E-01
  46200.00  29200.00      0.00  46200.00  29100.00      0.00  0.435820E-01  0.217910E-02
  46200.00  29300.00      0.00  46200.00  29200.00      0.00  0.127218E-01  0.636090E-03

  46200.00  28800.00      0.00  46200.00  28900.00      0.00   1

  46200.00  29200.00      0.00  46200.00  29100.00      0.00  0.370433E-01  0.185217E-02

  46800.00  26000.00      0.00  46800.00  26100.00      0.00   2

  46800.00  26700.00      0.00  46800.00  26800.00      0.00 -0.127000E-02  0.600000E-04
  46800.00  26800.00      0.00  46800.00  26900.00      0.00 -0.800000E-03  0.400000E-04

  46800.00  26100.00      0.00  46800.00  26200.00      0.00   3

  46800.00  26700.00      0.00  46800.00  26800.00      0.00 -0.164000E-02  0.800000E-04
  46800.00  26800.00      0.00  46800.00  26900.00      0.00 -0.990000E-03  0.500000E-04
  46800.00  26900.00      0.00  46800.00  27000.00      0.00 -0.630000E-03  0.300000E-04

  46800.00  26200.00      0.00  46800.00  26300.00      0.00   4

  46800.00  26700.00      0.00  46800.00  26800.00      0.00 -0.252000E-02  0.130000E-03
  46800.00  26800.00      0.00  46800.00  26900.00      0.00 -0.146000E-02  0.700000E-04
  46800.00  26900.00      0.00  46800.00  27000.00      0.00 -0.880000E-03  0.400000E-04
  46800.00  27000.00      0.00  46800.00  27100.00      0.00 -0.125000E-02  0.600000E-04

  46800.00  26300.00      0.00  46800.00  26400.00      0.00   5

  46800.00  26700.00      0.00  46800.00  26800.00      0.00 -0.504000E-02  0.250000E-03
  46800.00  26800.00      0.00  46800.00  26900.00      0.00 -0.260000E-02  0.130000E-03
  46800.00  26900.00      0.00  46800.00  27000.00      0.00 -0.147000E-02  0.700000E-04
  46800.00  27000.00      0.00  46800.00  27100.00      0.00 -0.195000E-02  0.100000E-03
  46800.00  27100.00      0.00  46800.00  27200.00      0.00 -0.103000E-02  0.500000E-04

  46800.00  26400.00      0.00  46800.00  26500.00      0.00   6

  46800.00  26700.00      0.00  46800.00  26800.00      0.00 -0.104800E-01  0.520000E-03
  46800.00  26800.00      0.00  46800.00  26900.00      0.00 -0.472000E-02  0.240000E-03
  46800.00  26900.00      0.00  46800.00  27000.00      0.00 -0.249000E-02  0.120000E-03
  46800.00  27000.00      0.00  46800.00  27100.00      0.00 -0.300000E-02  0.150000E-03
  46800.00  27100.00      0.00  46800.00  27200.00      0.00 -0.146000E-02  0.700000E-04
  46800.00  27200.00      0.00  46800.00  27300.00      0.00 -0.122000E-02  0.600000E-04

  46800.00  26500.00      0.00  46800.00  26600.00      0.00   7

  46800.00  26700.00      0.00  46800.00  26800.00      0.00 -0.206900E-01  0.103000E-02
  46800.00  26800.00      0.00  46800.00  26900.00      0.00 -0.690000E-02  0.340000E-03
  46800.00  26900.00      0.00  46800.00  27000.00      0.00 -0.313000E-02  0.160000E-03
  46800.00  27000.00      0.00  46800.00  27100.00      0.00 -0.342000E-02  0.170000E-03
  46800.00  27100.00      0.00  46800.00  27200.00      0.00 -0.152000E-02  0.800000E-04
  46800.00  27200.00      0.00  46800.00  27300.00      0.00 -0.121000E-02  0.600000E-04
  46800.00  27300.00      0.00  46800.00  27400.00      0.00 -0.740000E-03  0.400000E-04

  46800.00  26600.00      0.00  46800.00  26700.00      0.00   7

  46800.00  26800.00      0.00  46800.00  26900.00      0.00 -0.344800E-01  0.172000E-02
  46800.00  26900.00      0.00  46800.00  27000.00      0.00 -0.107400E-01  0.540000E-03
  46800.00  27000.00      0.00  46800.00  27100.00      0.00 -0.934000E-02  0.470000E-03
  46800.00  27100.00      0.00  46800.00  27200.00      0.00 -0.347000E-02  0.170000E-03
  46800.00  27200.00      0.00  46800.00  27300.00      0.00 -0.244000E-02  0.120000E-03
  46800.00  27300.00      0.00  46800.00  27400.00      0.00 -0.142000E-02  0.700000E-04
  46800.00  27400.00      0.00  46800.00  27500.00      0.00 -0.750000E-03  0.400000E-04

  46800.00  26700.00      0.00  46800.00  26800.00      0.00   6

  46800.00  26900.00      0.00  46800.00  27000.00      0.00 -0.546400E-01  0.273000E-02
  46800.00  27000.00      0.00  46800.00  27100.00      0.00 -0.293100E-01  0.147000E-02
  46800.00  27100.00      0.00  46800.00  27200.00      0.00 -0.769000E-02  0.380000E-03
  46800.00  27200.00      0.00  46800.00  27300.00      0.00 -0.446000E-02  0.220000E-03
  46800.00  27300.00      0.00  46800.00  27400.00      0.00 -0.238000E-02  0.120000E-03
  46800.00  27400.00      0.00  46800.00  27500.00      0.00 -0.112000E-02  0.600000E-04

  46800.00  26800.00      0.00  46800.00  26900.00      0.00   6

  46800.00  27000.00      0.00  46800.00  27100.00      0.00 -0.917800E-01  0.459000E-02
  46800.00  27100.00      0.00  46800.00  27200.00      0.00 -0.143200E-01  0.720000E-03
  46800.00  27200.00      0.00  46800.00  27300.00      0.00 -0.684000E-02  0.340000E-03
  46800.00  27300.00      0.00  46800.00  27400.00      0.00 -0.334000E-02  0.170000E-03
  46800.00  27400.00      0.00  46800.00  27500.00      0.00 -0.156000E-02  0.800000E-04
  46800.00  27500.00      0.00  46800.00  27600.00      0.00 -0.570000E-03  0.300000E-04

  46800.00  26900.00      0.00  46800.00  27000.00      0.00   6

  46800.00  27100.00      0.00  46800.00  27200.00      0.00 -0.366100E-01  0.183000E-02
  46800.00  27200.00      0.00  46800.00  27300.00      0.00 -0.114100E-01  0.570000E-03
  46800.00  27300.00      0.00  46800.00  27400.00      0.00 -0.515000E-02  0.260000E-03
  46800.00  27400.00      0.00  46800.00  27500.00      0.00 -0.218000E-02  0.110000E-03
  46800.00  27500.00      0.00  46800.00  27600.00      0.00 -0.710000E-03  0.400000E-04
  46800.00  27600.00      0.00  46800.00  27700.00      0.00 -0.440000E-03  0.200000E-04

  46800.00  27000.00      0.00  46800.00  27100.00      0.00   6

  46800.00  27200.00      0.00  46800.00  27300.00      0.00 -0.684400E-01  0.342000E-02
  46800.00  27300.00      0.00  46800.00  27400.00      0.00 -0.260000E-01  0.130000E-02
  46800.00  27400.00      0.00  46800.00  27500.00      0.00 -0.971000E-02  0.490000E-03
  46800.00  27500.00      0.00  46800.00  27600.00      0.00 -0.257000E-02  0.130000E-03
  46800.00  27600.00      0.00  46800.00  27700.00      0.00 -0.139000E-02  0.700000E-04
  46800.00  27700.00      0.00  46800.00  27800.00      0.00 -0.940000E-03  0.500000E-04

  46800.00  27100.00      0.00  46800.00  27200.00      0.00   6

  46800.00  27300.00      0.00  46800.00  27400.00      0.00 -0.488100E-01  0.244000E-02
  46800.00  27400.00      0.00  46800.00  27500.00      0.00 -0.165800E-01  0.830000E-03
  46800.00  27500.00      0.00  46800.00  27600.00      0.00 -0.361000E-02  0.180000E-03
  46800.00  27600.00      0.00  46800.00  27700.00      0.00 -0.170000E-02  0.800000E-04
  46800.00  27700.00      0.00  46800.00  27800.00      0.00 -0.103000E-02  0.500000E-04
  46800.00  27800.00      0.00  46800.00  27900.00      0.00 -0.770000E-03  0.400000E-04

  46800.00  27200.00      0.00  46800.00  27300.00      0.00   6

  46800.00  27400.00      0.00  46800.00  27500.00      0.00 -0.236080E+00  0.118000E-01
  46800.00  27500.00      0.00  46800.00  27600.00      0.00 -0.205600E-01  0.103000E-02
  46800.00  27600.00      0.00  46800.00  27700.00      0.00 -0.520000E-02  0.260000E-03
  46800.00  27700.00      0.00  46800.00  27800.00      0.00 -0.265000E-02  0.130000E-03
  46800.00  27800.00      0.00  46800.00  27900.00      0.00 -0.180000E-02  0.900000E-04
  46800.00  27900.00      0.00  46800.00  28000.00      0.00 -0.147000E-02  0.700000E-04

  46800.00  27300.00      0.00  46800.00  27400.00      0.00   6

  46800.00  27500.00      0.00  46800.00  27600.00      0.00 -0.141650E+00  0.708000E-02
  46800.00  27600.00      0.00  46800.00  27700.00      0.00 -0.156500E-01  0.780000E-03
  46800.00  27700.00      0.00  46800.00  27800.00      0.00 -0.504000E-02  0.250000E-03
  46800.00  27800.00      0.00  46800.00  27900.00      0.00 -0.300000E-02  0.150000E-03
  46800.00  27900.00      0.00  46800.00  28000.00      0.00 -0.206000E-02  0.100000E-03
  46800.00  28000.00      0.00  46800.00  28100.00      0.00 -0.199000E-02  0.100000E-03

  46800.00  27400.00      0.00  46800.00  27500.00      0.00   6

  46800.00  27600.00      0.00  46800.00  27700.00      0.00 -0.104510E+00  0.523000E-02
  46800.00  27700.00      0.00  46800.00  27800.00      0.00 -0.119400E-01  0.600000E-03
  46800.00  27800.00      0.00  46800.00  27900.00      0.00 -0.504000E-02  0.250000E-03
  46800.00  27900.00      0.00  46800.00  28000.00      0.00 -0.302000E-02  0.150000E-03
  46800.00  28000.00      0.00  46800.00  28100.00      0.00 -0.265000E-02  0.130000E-03
  46800.00  28100.00      0.00  46800.00  28200.00      0.00 -0.137000E-02  0.700000E-04

  46800.00  27500.00      0.00  46800.00  27600.00      0.00   6

  46800.00  27700.00      0.00  46800.00  27800.00      0.00 -0.647200E-01  0.324000E-02
  46800.00  27800.00      0.00  46800.00  27900.00      0.00 -0.145900E-01  0.730000E-03
  46800.00  27900.00      0.00  46800.00  28000.00      0.00 -0.541000E-02  0.270000E-03
  46800.00  28000.00      0.00  46800.00  28100.00      0.00 -0.398000E-02  0.200000E-03
  46800.00  28100.00      0.00  46800.00  28200.00      0.00 -0.179000E-02  0.900000E-04
  46800.00  28200.00      0.00  46800.00  28300.00      0.00 -0.134000E-02  0.700000E-04

  46800.00  27600.00      0.00  46800.00  27700.00      0.00   6

  46800.00  27800.00      0.00  46800.00  27900.00      0.00 -0.101860E+00  0.509000E-02
  46800.00  27900.00      0.00  46800.00  28000.00      0.00 -0.185700E-01  0.930000E-03
  46800.00  28000.00      0.00  46800.00  28100.00      0.00 -0.971000E-02  0.490000E-03
  46800.00  28100.00      0.00  46800.00  28200.00      0.00 -0.334000E-02  0.170000E-03
  46800.00  28200.00      0.00  46800.00  28300.00      0.00 -0.211000E-02  0.110000E-03
  46800.00  28300.00      0.00  46800.00  28400.00      0.00 -0.131000E-02  0.700000E-04

  46800.00  27700.00      0.00  46800.00  27800.00      0.00   6

  46800.00  27900.00      0.00  46800.00  28000.00      0.00 -0.652500E-01  0.326000E-02
  46800.00  28000.00      0.00  46800.00  28100.00      0.00 -0.234800E-01  0.117000E-02
  46800.00  28100.00      0.00  46800.00  28200.00      0.00 -0.642000E-02  0.320000E-03
  46800.00  28200.00      0.00  46800.00  28300.00      0.00 -0.363000E-02  0.180000E-03
  46800.00  28300.00      0.00  46800.00  28400.00      0.00 -0.206000E-02  0.100000E-03
  46800.00  28400.00      0.00  46800.00  28500.00      0.00 -0.115000E-02  0.600000E-04

  46800.00  27800.00      0.00  46800.00  27900.00      0.00   6

  46800.00  28000.00      0.00  46800.00  28100.00      0.00 -0.101330E+00  0.507000E-02
  46800.00  28100.00      0.00  46800.00  28200.00      0.00 -0.159200E-01  0.800000E-03
  46800.00  28200.00      0.00  46800.00  28300.00      0.00 -0.711000E-02  0.360000E-03
  46800.00  28300.00      0.00  46800.00  28400.00      0.00 -0.350000E-02  0.180000E-03
  46800.00  28400.00      0.00  46800.00  28500.00      0.00 -0.177000E-02  0.900000E-04
  46800.00  28500.00      0.00  46800.00  28600.00      0.00 -0.890000E-03  0.400000E-04

  46800.00  27900.00      0.00  46800.00  28000.00      0.00   6

  46800.00  28100.00      0.00  46800.00  28200.00      0.00 -0.917800E-01  0.459000E-02
  46800.00  28200.00      0.00  46800.00  28300.00      0.00 -0.266600E-01  0.133000E-02
  46800.00  28300.00      0.00  46800.00  28400.00      0.00 -0.101900E-01  0.510000E-03
  46800.00  28400.00      0.00  46800.00  28500.00      0.00 -0.430000E-02  0.210000E-03
  46800.00  28500.00      0.00  46800.00  28600.00      0.00 -0.194000E-02  0.100000E-03
  46800.00  28600.00      0.00  46800.00  28700.00      0.00 -0.198000E-02  0.100000E-03

  46800.00  28000.00      0.00  46800.00  28100.00      0.00   6

  46800.00  28200.00      0.00  46800.00  28300.00      0.00 -0.179310E+00  0.897000E-02
  46800.00  28300.00      0.00  46800.00  28400.00      0.00 -0.474800E-01  0.237000E-02
  46800.00  28400.00      0.00  46800.00  28500.00      0.00 -0.153300E-01  0.770000E-03
  46800.00  28500.00      0.00  46800.00  28600.00      0.00 -0.602000E-02  0.300000E-03
  46800.00  28600.00      0.00  46800.00  28700.00      0.00 -0.561000E-02  0.280000E-03
  46800.00  28700.00      0.00  46800.00  28800.00      0.00 -0.237000E-02  0.120000E-03

  46800.00  28100.00      0.00  46800.00  28200.00      0.00   6

  46800.00  28300.00      0.00  46800.00  28400.00      0.00 -0.142710E+00  0.714000E-02
  46800.00  28400.00      0.00  46800.00  28500.00      0.00 -0.331600E-01  0.166000E-02
  46800.00  28500.00      0.00  46800.00  28600.00      0.00 -0.115100E-01  0.580000E-03
  46800.00  28600.00      0.00  46800.00  28700.00      0.00 -0.997000E-02  0.500000E-03
  46800.00  28700.00      0.00  46800.00  28800.00      0.00 -0.387000E-02  0.190000E-03
  46800.00  28800.00      0.00  46800.00  28900.00      0.00 -0.234000E-02  0.120000E-03

  46800.00  28200.00      0.00  46800.00  28300.00      0.00   6

  46800.00  28400.00      0.00  46800.00  28500.00      0.00 -0.907200E-01  0.454000E-02
  46800.00  28500.00      0.00  46800.00  28600.00      0.00 -0.252000E-01  0.126000E-02
  46800.00  28600.00      0.00  46800.00  28700.00      0.00 -0.206400E-01  0.103000E-02
  46800.00  28700.00      0.00  46800.00  28800.00      0.00 -0.743000E-02  0.370000E-03
  46800.00  28800.00      0.00  46800.00  28900.00      0.00 -0.432000E-02  0.220000E-03
  46800.00  28900.00      0.00  46800.00  29000.00      0.00 -0.382000E-02  0.190000E-03

  46800.00  28300.00      0.00  46800.00  28400.00      0.00   6

  46800.00  28500.00      0.00  46800.00  28600.00      0.00 -0.695000E-01  0.347000E-02
  46800.00  28600.00      0.00  46800.00  28700.00      0.00 -0.441700E-01  0.221000E-02
  46800.00  28700.00      0.00  46800.00  28800.00      0.00 -0.141600E-01  0.710000E-03
  46800.00  28800.00      0.00  46800.00  28900.00      0.00 -0.775000E-02  0.390000E-03
  46800.00  28900.00      0.00  46800.00  29000.00      0.00 -0.668000E-02  0.330000E-03
  46800.00  29000.00      0.00  46800.00  29100.00      0.00 -0.417000E-02  0.210000E-03

  46800.00  28400.00      0.00  46800.00  28500.00      0.00   6

  46800.00  28600.00      0.00  46800.00  28700.00      0.00 -0.912500E-01  0.456000E-02
  46800.00  28700.00      0.00  46800.00  28800.00      0.00 -0.226800E-01  0.113000E-02
  46800.00  28800.00      0.00  46800.00  28900.00      0.00 -0.111400E-01  0.560000E-03
  46800.00  28900.00      0.00  46800.00  29000.00      0.00 -0.918000E-02  0.460000E-03
  46800.00  29000.00      0.00  46800.00  29100.00      0.00 -0.549000E-02  0.270000E-03
  46800.00  29100.00      0.00  46800.00  29200.00      0.00 -0.465000E-02  0.230000E-03

  46800.00  28500.00      0.00  46800.00  28600.00      0.00   5

  46800.00  28700.00      0.00  46800.00  28800.00      0.00 -0.445600E-01  0.223000E-02
  46800.00  28800.00      0.00  46800.00  28900.00      0.00 -0.167100E-01  0.840000E-03
  46800.00  28900.00      0.00  46800.00  29000.00      0.00 -0.122000E-01  0.610000E-03
  46800.00  29000.00      0.00  46800.00  29100.00      0.00 -0.703000E-02  0.350000E-03
  46800.00  29100.00      0.00  46800.00  29200.00      0.00 -0.578000E-02  0.290000E-03

  46800.00  28600.00      0.00  46800.00  28700.00      0.00   4

  46800.00  28800.00      0.00  46800.00  28900.00      0.00 -0.748000E-01  0.374000E-02
  46800.00  28900.00      0.00  46800.00  29000.00      0.00 -0.401900E-01  0.201000E-02
  46800.00  29000.00      0.00  46800.00  29100.00      0.00 -0.203700E-01  0.102000E-02
  46800.00  29100.00      0.00  46800.00  29200.00      0.00 -0.158600E-01  0.790000E-03

  47000.00  26000.00      0.00  47000.00  26100.00      0.00   4

  47000.00  26600.00      0.00  47000.00  26500.00      0.00  0.339531E-02  0.101859E-03
  47000.00  26700.00      0.00  47000.00  26600.00      0.00  0.172797E-02  0.518391E-04
  47000.00  26800.00      0.00  47000.00  26700.00      0.00  0.871564E-03  0.261469E-04
  47000.00  26900.00      0.00  47000.00  26800.00      0.00  0.770513E-03  0.231154E-04

  47000.00  26100.00      0.00  47000.00  26200.00      0.00   6

  47000.00  26600.00      0.00  47000.00  26500.00      0.00  0.562348E-02  0.168704E-03
  47000.00  26700.00      0.00  47000.00  26600.00      0.00  0.265259E-02  0.795775E-04
  47000.00  26800.00      0.00  47000.00  26700.00      0.00  0.125808E-02  0.377425E-04
  47000.00  26900.00      0.00  47000.00  26800.00      0.00  0.106103E-02  0.318310E-04
  47000.00  27000.00      0.00  47000.00  26900.00      0.00  0.966299E-03  0.289890E-04
  47000.00  27100.00      0.00  47000.00  27000.00      0.00  0.901879E-03  0.270564E-04

  47000.00  26200.00      0.00  47000.00  26300.00      0.00   7

  47000.00  26600.00      0.00  47000.00  26500.00      0.00  0.112735E-01  0.338204E-03
  47000.00  26700.00      0.00  47000.00  26600.00      0.00  0.450939E-02  0.135282E-03
  47000.00  26800.00      0.00  47000.00  26700.00      0.00  0.190986E-02  0.572958E-04
  47000.00  26900.00      0.00  47000.00  26800.00      0.00  0.151576E-02  0.454729E-04
  47000.00  27000.00      0.00  47000.00  26900.00      0.00  0.128840E-02  0.386519E-04
  47000.00  27100.00      0.00  47000.00  27000.00      0.00  0.116208E-02  0.348625E-04
  47000.00  27200.00      0.00  47000.00  27100.00      0.00  0.963772E-03  0.289132E-04

  47000.00  26300.00      0.00  47000.00  26400.00      0.00   8

  47000.00  26600.00      0.00  47000.00  26500.00      0.00  0.387277E-01  0.116183E-02
  47000.00  26700.00      0.00  47000.00  26600.00      0.00  0.110082E-01  0.330247E-03
  47000.00  26800.00      0.00  47000.00  26700.00      0.00  0.397888E-02  0.119366E-03
  47000.00  26900.00      0.00  47000.00  26800.00      0.00  0.275869E-02  0.827606E-04
  47000.00  27000.00      0.00  47000.00  26900.00      0.00  0.218270E-02  0.654809E-04
  47000.00  27100.00      0.00  47000.00  27000.00      0.00  0.183786E-02  0.551359E-04
  47000.00  27200.00      0.00  47000.00  27100.00      0.00  0.142103E-02  0.426308E-04
  47000.00  27300.00      0.00  47000.00  27200.00      0.00  0.676409E-03  0.202923E-04

  47000.00  26400.00      0.00  47000.00  26500.00      0.00   8

  47000.00  26700.00      0.00  47000.00  26600.00      0.00  0.424413E-01  0.127324E-02
  47000.00  26800.00      0.00  47000.00  26700.00      0.00  0.994719E-02  0.298416E-03
  47000.00  26900.00      0.00  47000.00  26800.00      0.00  0.551738E-02  0.165521E-03
  47000.00  27000.00      0.00  47000.00  26900.00      0.00  0.387277E-02  0.116183E-03
  47000.00  27100.00      0.00  47000.00  27000.00      0.00  0.298605E-02  0.895816E-04
  47000.00  27200.00      0.00  47000.00  27100.00      0.00  0.212207E-02  0.636620E-04
  47000.00  27300.00      0.00  47000.00  27200.00      0.00  0.903142E-03  0.270943E-04
  47000.00  27400.00      0.00  47000.00  27300.00      0.00  0.574727E-03  0.172418E-04

  47000.00  26500.00      0.00  47000.00  26600.00      0.00   8

  47000.00  26800.00      0.00  47000.00  26700.00      0.00  0.281174E-01  0.843522E-03
  47000.00  26900.00      0.00  47000.00  26800.00      0.00  0.106103E-01  0.318310E-03
  47000.00  27000.00      0.00  47000.00  26900.00      0.00  0.588874E-02  0.176662E-03
  47000.00  27100.00      0.00  47000.00  27000.00      0.00  0.413803E-02  0.124141E-03
  47000.00  27200.00      0.00  47000.00  27100.00      0.00  0.248585E-02  0.745755E-04
  47000.00  27300.00      0.00  47000.00  27200.00      0.00  0.909458E-03  0.272837E-04
  47000.00  27400.00      0.00  47000.00  27300.00      0.00  0.625252E-03  0.187576E-04
  47000.00  27500.00      0.00  47000.00  27400.00      0.00  0.322731E-03  0.968193E-05

  47000.00  26600.00      0.00  47000.00  26700.00      0.00   8

  47000.00  26900.00      0.00  47000.00  26800.00      0.00  0.350141E-01  0.105042E-02
  47000.00  27000.00      0.00  47000.00  26900.00      0.00  0.115387E-01  0.346162E-03
  47000.00  27100.00      0.00  47000.00  27000.00      0.00  0.647231E-02  0.194169E-03
  47000.00  27200.00      0.00  47000.00  27100.00      0.00  0.323615E-02  0.970846E-04
  47000.00  27300.00      0.00  47000.00  27200.00      0.00  0.121261E-02  0.363783E-04
  47000.00  27400.00      0.00  47000.00  27300.00      0.00  0.710514E-03  0.213154E-04
  47000.00  27500.00      0.00  47000.00  27400.00      0.00  0.359994E-03  0.107998E-04
  47000.00  27600.00      0.00  47000.00  27500.00      0.00  0.251995E-03  0.755987E-05

  47000.00  26700.00      0.00  47000.00  26800.00      0.00   8

  47000.00  27000.00      0.00  47000.00  26900.00      0.00  0.291784E-01  0.875353E-03
  47000.00  27100.00      0.00  47000.00  27000.00      0.00  0.104777E-01  0.314331E-03
  47000.00  27200.00      0.00  47000.00  27100.00      0.00  0.445634E-02  0.133690E-03
  47000.00  27300.00      0.00  47000.00  27200.00      0.00  0.161808E-02  0.485423E-04
  47000.00  27400.00      0.00  47000.00  27300.00      0.00  0.803354E-03  0.241006E-04
  47000.00  27500.00      0.00  47000.00  27400.00      0.00  0.388414E-03  0.116524E-04
  47000.00  27600.00      0.00  47000.00  27500.00      0.00  0.252627E-03  0.757881E-05
  47000.00  27700.00      0.00  47000.00  27600.00      0.00  0.322731E-03  0.968193E-05

  47000.00  26800.00      0.00  47000.00  26900.00      0.00   7

  47000.00  27200.00      0.00  47000.00  27100.00      0.00  0.116714E-01  0.350141E-03
  47000.00  27300.00      0.00  47000.00  27200.00      0.00  0.350141E-02  0.105042E-03
  47000.00  27400.00      0.00  47000.00  27300.00      0.00  0.153850E-02  0.461550E-04
  47000.00  27500.00      0.00  47000.00  27400.00      0.00  0.697251E-03  0.209175E-04
  47000.00  27600.00      0.00  47000.00  27500.00      0.00  0.426308E-03  0.127892E-04
  47000.00  27700.00      0.00  47000.00  27600.00      0.00  0.536833E-03  0.161050E-04
  47000.00  27800.00      0.00  47000.00  27700.00      0.00  0.256417E-03  0.769250E-05

  47000.00  26900.00      0.00  47000.00  27000.00      0.00   7

  47000.00  27200.00      0.00  47000.00  27100.00      0.00  0.445634E-01  0.133690E-02
  47000.00  27300.00      0.00  47000.00  27200.00      0.00  0.901879E-02  0.270564E-03
  47000.00  27400.00      0.00  47000.00  27300.00      0.00  0.318310E-02  0.954930E-04
  47000.00  27500.00      0.00  47000.00  27400.00      0.00  0.129977E-02  0.389930E-04
  47000.00  27600.00      0.00  47000.00  27500.00      0.00  0.773039E-03  0.231912E-04
  47000.00  27700.00      0.00  47000.00  27600.00      0.00  0.918931E-03  0.275679E-04
  47000.00  27800.00      0.00  47000.00  27700.00      0.00  0.423150E-03  0.126945E-04

  47000.00  27000.00      0.00  47000.00  27100.00      0.00   7

  47000.00  27300.00      0.00  47000.00  27200.00      0.00  0.663146E-01  0.198944E-02
  47000.00  27400.00      0.00  47000.00  27300.00      0.00  0.104777E-01  0.314331E-03
  47000.00  27500.00      0.00  47000.00  27400.00      0.00  0.323615E-02  0.970846E-04
  47000.00  27600.00      0.00  47000.00  27500.00      0.00  0.161808E-02  0.485423E-04
  47000.00  27700.00      0.00  47000.00  27600.00      0.00  0.187955E-02  0.563864E-04
  47000.00  27800.00      0.00  47000.00  27700.00      0.00  0.805249E-03  0.241575E-04
  47000.00  27900.00      0.00  47000.00  27800.00      0.00  0.682093E-03  0.204628E-04

  47000.00  27100.00      0.00  47000.00  27200.00      0.00   7

  47000.00  27400.00      0.00  47000.00  27300.00      0.00  0.133690E+00  0.401071E-02
  47000.00  27500.00      0.00  47000.00  27400.00      0.00  0.160481E-01  0.481444E-03
  47000.00  27600.00      0.00  47000.00  27500.00      0.00  0.456244E-02  0.136873E-03
  47000.00  27700.00      0.00  47000.00  27600.00      0.00  0.469508E-02  0.140852E-03
  47000.00  27800.00      0.00  47000.00  27700.00      0.00  0.186439E-02  0.559316E-04
  47000.00  27900.00      0.00  47000.00  27800.00      0.00  0.156313E-02  0.468939E-04
  47000.00  28000.00      0.00  47000.00  27900.00      0.00  0.119998E-02  0.359994E-04

  47000.00  27200.00      0.00  47000.00  27300.00      0.00   8

  47000.00  27500.00      0.00  47000.00  27400.00      0.00  0.109817E+00  0.329451E-02
  47000.00  27600.00      0.00  47000.00  27500.00      0.00  0.915142E-02  0.274542E-03
  47000.00  27700.00      0.00  47000.00  27600.00      0.00  0.626010E-02  0.187803E-03
  47000.00  27800.00      0.00  47000.00  27700.00      0.00  0.214859E-02  0.644578E-04
  47000.00  27900.00      0.00  47000.00  27800.00      0.00  0.160671E-02  0.482013E-04
  47000.00  28000.00      0.00  47000.00  27900.00      0.00  0.117472E-02  0.352415E-04
  47000.00  28100.00      0.00  47000.00  28000.00      0.00  0.162945E-02  0.488833E-04
  47000.00  28200.00      0.00  47000.00  28100.00      0.00  0.618936E-03  0.185681E-04

  47000.00  27300.00      0.00  47000.00  27400.00      0.00   8

  47000.00  27600.00      0.00  47000.00  27500.00      0.00  0.827606E-01  0.248282E-02
  47000.00  27700.00      0.00  47000.00  27600.00      0.00  0.155176E-01  0.465529E-03
  47000.00  27800.00      0.00  47000.00  27700.00      0.00  0.440329E-02  0.132099E-03
  47000.00  27900.00      0.00  47000.00  27800.00      0.00  0.283826E-02  0.851480E-04
  47000.00  28000.00      0.00  47000.00  27900.00      0.00  0.175828E-02  0.527485E-04
  47000.00  28100.00      0.00  47000.00  28000.00      0.00  0.197997E-02  0.593989E-04
  47000.00  28200.00      0.00  47000.00  28100.00      0.00  0.858932E-03  0.257680E-04
  47000.00  28300.00      0.00  47000.00  28200.00      0.00  0.539359E-03  0.161808E-04

  47000.00  27400.00      0.00  47000.00  27500.00      0.00   8

  47000.00  27700.00      0.00  47000.00  27600.00      0.00  0.710893E-01  0.213268E-02
  47000.00  27800.00      0.00  47000.00  27700.00      0.00  0.994719E-02  0.298416E-03
  47000.00  27900.00      0.00  47000.00  27800.00      0.00  0.472160E-02  0.141648E-03
  47000.00  28000.00      0.00  47000.00  27900.00      0.00  0.249343E-02  0.748029E-04
  47000.00  28100.00      0.00  47000.00  28000.00      0.00  0.280416E-02  0.841248E-04
  47000.00  28200.00      0.00  47000.00  28100.00      0.00  0.103261E-02  0.309784E-04
  47000.00  28300.00      0.00  47000.00  28200.00      0.00  0.663146E-03  0.198944E-04
  47000.00  28400.00      0.00  47000.00  28300.00      0.00  0.521675E-03  0.156503E-04

  47000.00  27500.00      0.00  47000.00  27600.00      0.00   8

  47000.00  27800.00      0.00  47000.00  27700.00      0.00  0.270564E-01  0.811691E-03
  47000.00  27900.00      0.00  47000.00  27800.00      0.00  0.795775E-02  0.238733E-03
  47000.00  28000.00      0.00  47000.00  27900.00      0.00  0.350141E-02  0.105042E-03
  47000.00  28100.00      0.00  47000.00  28000.00      0.00  0.371362E-02  0.111409E-03
  47000.00  28200.00      0.00  47000.00  28100.00      0.00  0.124292E-02  0.372878E-04
  47000.00  28300.00      0.00  47000.00  28200.00      0.00  0.691567E-03  0.207470E-04
  47000.00  28400.00      0.00  47000.00  28300.00      0.00  0.562095E-03  0.168629E-04
  47000.00  28500.00      0.00  47000.00  28400.00      0.00  0.419992E-03  0.125998E-04

  47000.00  27600.00      0.00  47000.00  27700.00      0.00   8

  47000.00  27900.00      0.00  47000.00  27800.00      0.00  0.742724E-01  0.222817E-02
  47000.00  28000.00      0.00  47000.00  27900.00      0.00  0.153850E-01  0.461550E-03
  47000.00  28100.00      0.00  47000.00  28000.00      0.00  0.150667E-01  0.452000E-03
  47000.00  28200.00      0.00  47000.00  28100.00      0.00  0.387277E-02  0.116183E-03
  47000.00  28300.00      0.00  47000.00  28200.00      0.00  0.215238E-02  0.645715E-04
  47000.00  28400.00      0.00  47000.00  28300.00      0.00  0.159155E-02  0.477465E-04
  47000.00  28500.00      0.00  47000.00  28400.00      0.00  0.104840E-02  0.314521E-04
  47000.00  28600.00      0.00  47000.00  28500.00      0.00  0.450939E-03  0.135282E-04

  47000.00  27700.00      0.00  47000.00  27800.00      0.00   8

  47000.00  28000.00      0.00  47000.00  27900.00      0.00  0.663146E-01  0.198944E-02
  47000.00  28100.00      0.00  47000.00  28000.00      0.00  0.431045E-01  0.129313E-02
  47000.00  28200.00      0.00  47000.00  28100.00      0.00  0.801081E-02  0.240324E-03
  47000.00  28300.00      0.00  47000.00  28200.00      0.00  0.381972E-02  0.114592E-03
  47000.00  28400.00      0.00  47000.00  28300.00      0.00  0.253132E-02  0.759397E-04
  47000.00  28500.00      0.00  47000.00  28400.00      0.00  0.143050E-02  0.429150E-04
  47000.00  28600.00      0.00  47000.00  28500.00      0.00  0.492623E-03  0.147787E-04
  47000.00  28700.00      0.00  47000.00  28600.00      0.00  0.450939E-03  0.135282E-04

  47000.00  27800.00      0.00  47000.00  27900.00      0.00   8

  47000.00  28100.00      0.00  47000.00  28000.00      0.00  0.316719E+00  0.950156E-02
  47000.00  28200.00      0.00  47000.00  28100.00      0.00  0.452266E-01  0.135680E-02
  47000.00  28300.00      0.00  47000.00  28200.00      0.00  0.186211E-01  0.558634E-03
  47000.00  28400.00      0.00  47000.00  28300.00      0.00  0.112735E-01  0.338204E-03
  47000.00  28500.00      0.00  47000.00  28400.00      0.00  0.550222E-02  0.165067E-03
  47000.00  28600.00      0.00  47000.00  28500.00      0.00  0.199891E-02  0.599674E-04
  47000.00  28700.00      0.00  47000.00  28600.00      0.00  0.157260E-02  0.471781E-04
  47000.00  28800.00      0.00  47000.00  28700.00      0.00  0.106103E-02  0.318310E-04

  47000.00  27900.00      0.00  47000.00  28000.00      0.00   7

  47000.00  28300.00      0.00  47000.00  28200.00      0.00  0.409824E-01  0.122947E-02
  47000.00  28400.00      0.00  47000.00  28300.00      0.00  0.203719E-01  0.611156E-03
  47000.00  28500.00      0.00  47000.00  28400.00      0.00  0.933710E-02  0.280113E-03
  47000.00  28600.00      0.00  47000.00  28500.00      0.00  0.318310E-02  0.954930E-04
  47000.00  28700.00      0.00  47000.00  28600.00      0.00  0.241575E-02  0.724724E-04
  47000.00  28800.00      0.00  47000.00  28700.00      0.00  0.155366E-02  0.466097E-04
  47000.00  28900.00      0.00  47000.00  28800.00      0.00  0.150755E-02  0.452266E-04

  47000.00  28000.00      0.00  47000.00  28100.00      0.00   7

  47000.00  28300.00      0.00  47000.00  28200.00      0.00  0.194169E+00  0.582507E-02
  47000.00  28400.00      0.00  47000.00  28300.00      0.00  0.771902E-01  0.231571E-02
  47000.00  28500.00      0.00  47000.00  28400.00      0.00  0.306639E-01  0.919916E-03
  47000.00  28600.00      0.00  47000.00  28500.00      0.00  0.915142E-02  0.274542E-03
  47000.00  28700.00      0.00  47000.00  28600.00      0.00  0.650262E-02  0.195079E-03
  47000.00  28800.00      0.00  47000.00  28700.00      0.00  0.384625E-02  0.115387E-03
  47000.00  28900.00      0.00  47000.00  28800.00      0.00  0.365046E-02  0.109514E-03

  47000.00  28100.00      0.00  47000.00  28200.00      0.00   7

  47000.00  28400.00      0.00  47000.00  28300.00      0.00  0.152789E+00  0.458367E-02
  47000.00  28500.00      0.00  47000.00  28400.00      0.00  0.465529E-01  0.139659E-02
  47000.00  28600.00      0.00  47000.00  28500.00      0.00  0.119366E-01  0.358099E-03
  47000.00  28700.00      0.00  47000.00  28600.00      0.00  0.787818E-02  0.236345E-03
  47000.00  28800.00      0.00  47000.00  28700.00      0.00  0.421382E-02  0.126415E-03
  47000.00  28900.00      0.00  47000.00  28800.00      0.00  0.379888E-02  0.113966E-03
  47000.00  29000.00      0.00  47000.00  28900.00      0.00  0.290521E-02  0.871564E-04

  47000.00  28200.00      0.00  47000.00  28300.00      0.00   6

  47000.00  28500.00      0.00  47000.00  28400.00      0.00  0.120958E+00  0.362874E-02
  47000.00  28600.00      0.00  47000.00  28500.00      0.00  0.225470E-01  0.676409E-03
  47000.00  28700.00      0.00  47000.00  28600.00      0.00  0.133690E-01  0.401071E-03
  47000.00  28800.00      0.00  47000.00  28700.00      0.00  0.596832E-02  0.179050E-03
  47000.00  28900.00      0.00  47000.00  28800.00      0.00  0.554769E-02  0.166431E-03
  47000.00  29000.00      0.00  47000.00  28900.00      0.00  0.419677E-02  0.125903E-03

  47000.00  28300.00      0.00  47000.00  28400.00      0.00   5

  47000.00  28600.00      0.00  47000.00  28500.00      0.00  0.679062E-01  0.203719E-02
  47000.00  28700.00      0.00  47000.00  28600.00      0.00  0.297089E-01  0.891268E-03
  47000.00  28800.00      0.00  47000.00  28700.00      0.00  0.115653E-01  0.346958E-03
  47000.00  28900.00      0.00  47000.00  28800.00      0.00  0.965541E-02  0.289662E-03
  47000.00  29000.00      0.00  47000.00  28900.00      0.00  0.695735E-02  0.208721E-03

  47000.00  28400.00      0.00  47000.00  28500.00      0.00   4

  47000.00  28700.00      0.00  47000.00  28600.00      0.00  0.117244E+00  0.351733E-02
  47000.00  28800.00      0.00  47000.00  28700.00      0.00  0.298416E-01  0.895247E-03
  47000.00  28900.00      0.00  47000.00  28800.00      0.00  0.201596E-01  0.604789E-03
  47000.00  29000.00      0.00  47000.00  28900.00      0.00  0.134751E-01  0.404254E-03

  47200.00  26000.00      0.00  47200.00  26100.00      0.00   5

  47200.00  26600.00      0.00  47200.00  26500.00      0.00  0.246690E-02  0.740071E-04
  47200.00  26700.00      0.00  47200.00  26600.00      0.00  0.189470E-02  0.568411E-04
  47200.00  26800.00      0.00  47200.00  26700.00      0.00  0.126945E-02  0.380835E-04
  47200.00  26900.00      0.00  47200.00  26800.00      0.00  0.991561E-03  0.297468E-04
  47200.00  27000.00      0.00  47200.00  26900.00      0.00  0.641041E-03  0.192312E-04

  47200.00  26100.00      0.00  47200.00  26200.00      0.00   6

  47200.00  26600.00      0.00  47200.00  26500.00      0.00  0.514601E-02  0.154380E-03
  47200.00  26700.00      0.00  47200.00  26600.00      0.00  0.339531E-02  0.101859E-03
  47200.00  26800.00      0.00  47200.00  26700.00      0.00  0.206144E-02  0.618431E-04
  47200.00  26900.00      0.00  47200.00  26800.00      0.00  0.146839E-02  0.440518E-04
  47200.00  27000.00      0.00  47200.00  26900.00      0.00  0.877879E-03  0.263364E-04
  47200.00  27100.00      0.00  47200.00  27000.00      0.00  0.910721E-03  0.273216E-04

  47200.00  26200.00      0.00  47200.00  26300.00      0.00   7

  47200.00  26600.00      0.00  47200.00  26500.00      0.00  0.155176E-01  0.465529E-03
  47200.00  26700.00      0.00  47200.00  26600.00      0.00  0.811691E-02  0.243507E-03
  47200.00  26800.00      0.00  47200.00  26700.00      0.00  0.427066E-02  0.128120E-03
  47200.00  26900.00      0.00  47200.00  26800.00      0.00  0.269806E-02  0.809417E-04
  47200.00  27000.00      0.00  47200.00  26900.00      0.00  0.147787E-02  0.443361E-04
  47200.00  27100.00      0.00  47200.00  27000.00      0.00  0.143366E-02  0.430098E-04
  47200.00  27200.00      0.00  47200.00  27100.00      0.00  0.127766E-02  0.383299E-04

  47200.00  26300.00      0.00  47200.00  26400.00      0.00   9

  47200.00  26600.00      0.00  47200.00  26500.00      0.00  0.620705E-01  0.186211E-02
  47200.00  26700.00      0.00  47200.00  26600.00      0.00  0.206902E-01  0.620705E-03
  47200.00  26800.00      0.00  47200.00  26700.00      0.00  0.912489E-02  0.273747E-03
  47200.00  26900.00      0.00  47200.00  26800.00      0.00  0.503991E-02  0.151197E-03
  47200.00  27000.00      0.00  47200.00  26900.00      0.00  0.250101E-02  0.750302E-04
  47200.00  27100.00      0.00  47200.00  27000.00      0.00  0.229259E-02  0.687777E-04
  47200.00  27200.00      0.00  47200.00  27100.00      0.00  0.192628E-02  0.577884E-04
  47200.00  27300.00      0.00  47200.00  27200.00      0.00  0.552622E-03  0.165786E-04
  47200.00  27400.00      0.00  47200.00  27300.00      0.00  0.311880E-03  0.935639E-05

  47200.00  26400.00      0.00  47200.00  26500.00      0.00   8

  47200.00  26700.00      0.00  47200.00  26600.00      0.00  0.541127E-01  0.162338E-02
  47200.00  26800.00      0.00  47200.00  26700.00      0.00  0.175071E-01  0.525212E-03
  47200.00  26900.00      0.00  47200.00  26800.00      0.00  0.822301E-02  0.246690E-03
  47200.00  27000.00      0.00  47200.00  26900.00      0.00  0.368709E-02  0.110613E-03
  47200.00  27100.00      0.00  47200.00  27000.00      0.00  0.322857E-02  0.968572E-04
  47200.00  27200.00      0.00  47200.00  27100.00      0.00  0.255785E-02  0.767355E-04
  47200.00  27300.00      0.00  47200.00  27200.00      0.00  0.707356E-03  0.212207E-04
  47200.00  27400.00      0.00  47200.00  27300.00      0.00  0.402309E-03  0.120693E-04

  47200.00  26500.00      0.00  47200.00  26600.00      0.00   9

  47200.00  26800.00      0.00  47200.00  26700.00      0.00  0.222817E-01  0.668451E-03
  47200.00  26900.00      0.00  47200.00  26800.00      0.00  0.649883E-02  0.194965E-03
  47200.00  27000.00      0.00  47200.00  26900.00      0.00  0.233427E-02  0.700282E-04
  47200.00  27100.00      0.00  47200.00  27000.00      0.00  0.183028E-02  0.549085E-04
  47200.00  27200.00      0.00  47200.00  27100.00      0.00  0.140966E-02  0.422898E-04
  47200.00  27300.00      0.00  47200.00  27200.00      0.00  0.359994E-03  0.107998E-04
  47200.00  27400.00      0.00  47200.00  27300.00      0.00  0.195786E-03  0.587358E-05
  47200.00  27500.00      0.00  47200.00  27400.00      0.00  0.269679E-03  0.809038E-05
  47200.00  27600.00      0.00  47200.00  27500.00      0.00  0.276512E-03  0.829535E-05

  47200.00  26600.00      0.00  47200.00  26700.00      0.00   9

  47200.00  26900.00      0.00  47200.00  26800.00      0.00  0.344836E-01  0.103451E-02
  47200.00  27000.00      0.00  47200.00  26900.00      0.00  0.716198E-02  0.214859E-03
  47200.00  27100.00      0.00  47200.00  27000.00      0.00  0.456244E-02  0.136873E-03
  47200.00  27200.00      0.00  47200.00  27100.00      0.00  0.299742E-02  0.899226E-04
  47200.00  27300.00      0.00  47200.00  27200.00      0.00  0.742724E-03  0.222817E-04
  47200.00  27400.00      0.00  47200.00  27300.00      0.00  0.359994E-03  0.107998E-04
  47200.00  27500.00      0.00  47200.00  27400.00      0.00  0.486307E-03  0.145892E-04
  47200.00  27600.00      0.00  47200.00  27500.00      0.00  0.486307E-03  0.145892E-04
  47200.00  27700.00      0.00  47200.00  27600.00      0.00  0.122180E-03  0.366539E-05

  47200.00  26700.00      0.00  47200.00  26800.00      0.00   9

  47200.00  27000.00      0.00  47200.00  26900.00      0.00  0.244038E-01  0.732113E-03
  47200.00  27100.00      0.00  47200.00  27000.00      0.00  0.104777E-01  0.314331E-03
  47200.00  27200.00      0.00  47200.00  27100.00      0.00  0.551738E-02  0.165521E-03
  47200.00  27300.00      0.00  47200.00  27200.00      0.00  0.119366E-02  0.358099E-04
  47200.00  27400.00      0.00  47200.00  27300.00      0.00  0.560832E-03  0.168250E-04
  47200.00  27500.00      0.00  47200.00  27400.00      0.00  0.701040E-03  0.210312E-04
  47200.00  27600.00      0.00  47200.00  27500.00      0.00  0.675777E-03  0.202733E-04
  47200.00  27700.00      0.00  47200.00  27600.00      0.00  0.167997E-03  0.503991E-05
  47200.00  27800.00      0.00  47200.00  27700.00      0.00  0.163978E-03  0.491934E-05

  47200.00  26800.00      0.00  47200.00  26900.00      0.00   8

  47200.00  27200.00      0.00  47200.00  27100.00      0.00  0.189660E-01  0.568979E-03
  47200.00  27300.00      0.00  47200.00  27200.00      0.00  0.302395E-02  0.907184E-04
  47200.00  27400.00      0.00  47200.00  27300.00      0.00  0.129977E-02  0.389930E-04
  47200.00  27500.00      0.00  47200.00  27400.00      0.00  0.142482E-02  0.427445E-04
  47200.00  27600.00      0.00  47200.00  27500.00      0.00  0.130734E-02  0.392204E-04
  47200.00  27700.00      0.00  47200.00  27600.00      0.00  0.309468E-03  0.928405E-05
  47200.00  27800.00      0.00  47200.00  27700.00      0.00  0.296205E-03  0.888616E-05
  47200.00  27900.00      0.00  47200.00  27800.00      0.00  0.501580E-03  0.150474E-04

  47200.00  26900.00      0.00  47200.00  27000.00      0.00   8

  47200.00  27200.00      0.00  47200.00  27100.00      0.00  0.641925E-01  0.192578E-02
  47200.00  27300.00      0.00  47200.00  27200.00      0.00  0.610094E-02  0.183028E-03
  47200.00  27400.00      0.00  47200.00  27300.00      0.00  0.228122E-02  0.684367E-04
  47200.00  27500.00      0.00  47200.00  27400.00      0.00  0.222817E-02  0.668451E-04
  47200.00  27600.00      0.00  47200.00  27500.00      0.00  0.190986E-02  0.572958E-04
  47200.00  27700.00      0.00  47200.00  27600.00      0.00  0.426308E-03  0.127892E-04
  47200.00  27800.00      0.00  47200.00  27700.00      0.00  0.391572E-03  0.117472E-04
  47200.00  27900.00      0.00  47200.00  27800.00      0.00  0.632199E-03  0.189660E-04

  47200.00  27000.00      0.00  47200.00  27100.00      0.00   7

  47200.00  27300.00      0.00  47200.00  27200.00      0.00  0.313005E-01  0.939015E-03
  47200.00  27400.00      0.00  47200.00  27300.00      0.00  0.809038E-02  0.242711E-03
  47200.00  27500.00      0.00  47200.00  27400.00      0.00  0.647231E-02  0.194169E-03
  47200.00  27600.00      0.00  47200.00  27500.00      0.00  0.480118E-02  0.144035E-03
  47200.00  27700.00      0.00  47200.00  27600.00      0.00  0.909458E-03  0.272837E-04
  47200.00  27800.00      0.00  47200.00  27700.00      0.00  0.795775E-03  0.238733E-04
  47200.00  27900.00      0.00  47200.00  27800.00      0.00  0.130103E-02  0.390309E-04

  47200.00  27100.00      0.00  47200.00  27200.00      0.00   8

  47200.00  27400.00      0.00  47200.00  27300.00      0.00  0.466855E-01  0.140057E-02
  47200.00  27500.00      0.00  47200.00  27400.00      0.00  0.204249E-01  0.612747E-03
  47200.00  27600.00      0.00  47200.00  27500.00      0.00  0.123610E-01  0.370831E-03
  47200.00  27700.00      0.00  47200.00  27600.00      0.00  0.196291E-02  0.588874E-04
  47200.00  27800.00      0.00  47200.00  27700.00      0.00  0.157639E-02  0.472918E-04
  47200.00  27900.00      0.00  47200.00  27800.00      0.00  0.269048E-02  0.807144E-04
  47200.00  28000.00      0.00  47200.00  27900.00      0.00  0.171786E-02  0.515359E-04
  47200.00  28100.00      0.00  47200.00  28000.00      0.00  0.146776E-02  0.440329E-04

  47200.00  27200.00      0.00  47200.00  27300.00      0.00   8

  47200.00  27500.00      0.00  47200.00  27400.00      0.00  0.381972E-01  0.114592E-02
  47200.00  27600.00      0.00  47200.00  27500.00      0.00  0.131303E-01  0.393909E-03
  47200.00  27700.00      0.00  47200.00  27600.00      0.00  0.148545E-02  0.445634E-04
  47200.00  27800.00      0.00  47200.00  27700.00      0.00  0.103451E-02  0.310352E-04
  47200.00  27900.00      0.00  47200.00  27800.00      0.00  0.157639E-02  0.472918E-04
  47200.00  28000.00      0.00  47200.00  27900.00      0.00  0.104209E-02  0.312626E-04
  47200.00  28100.00      0.00  47200.00  28000.00      0.00  0.846301E-03  0.253890E-04
  47200.00  28200.00      0.00  47200.00  28100.00      0.00  0.397888E-03  0.119366E-04

  47200.00  27300.00      0.00  47200.00  27400.00      0.00   8

  47200.00  27600.00      0.00  47200.00  27500.00      0.00  0.259953E-01  0.779860E-03
  47200.00  27700.00      0.00  47200.00  27600.00      0.00  0.185681E-02  0.663146E-04
  47200.00  27800.00      0.00  47200.00  27700.00      0.00  0.111409E-02  0.334226E-04
  47200.00  27900.00      0.00  47200.00  27800.00      0.00  0.175071E-02  0.525212E-04
  47200.00  28000.00      0.00  47200.00  27900.00      0.00  0.104588E-02  0.313763E-04
  47200.00  28100.00      0.00  47200.00  28000.00      0.00  0.814722E-03  0.244417E-04
  47200.00  28200.00      0.00  47200.00  28100.00      0.00  0.378941E-03  0.113682E-04
  47200.00  28300.00      0.00  47200.00  28200.00      0.00  0.203365E-03  0.610094E-05

  47200.00  27400.00      0.00  47200.00  27500.00      0.00   8

  47200.00  27700.00      0.00  47200.00  27600.00      0.00  0.115653E+00  0.346958E-02
  47200.00  27800.00      0.00  47200.00  27700.00      0.00  0.301068E-01  0.903205E-03
  47200.00  27900.00      0.00  47200.00  27800.00      0.00  0.187273E-01  0.561817E-03
  47200.00  28000.00      0.00  47200.00  27900.00      0.00  0.878005E-02  0.263402E-03
  47200.00  28100.00      0.00  47200.00  28000.00      0.00  0.478981E-02  0.143694E-03
  47200.00  28200.00      0.00  47200.00  28100.00      0.00  0.182839E-02  0.548517E-04
  47200.00  28300.00      0.00  47200.00  28200.00      0.00  0.903142E-03  0.270943E-04
  47200.00  28400.00      0.00  47200.00  28300.00      0.00  0.725040E-03  0.217512E-04

  47200.00  27500.00      0.00  47200.00  27600.00      0.00   8

  47200.00  27800.00      0.00  47200.00  27700.00      0.00  0.149075E+00  0.447226E-02
  47200.00  27900.00      0.00  47200.00  27800.00      0.00  0.612747E-01  0.183824E-02
  47200.00  28000.00      0.00  47200.00  27900.00      0.00  0.262606E-01  0.787818E-03
  47200.00  28100.00      0.00  47200.00  28000.00      0.00  0.124406E-01  0.373219E-03
  47200.00  28200.00      0.00  47200.00  28100.00      0.00  0.460792E-02  0.138238E-03
  47200.00  28300.00      0.00  47200.00  28200.00      0.00  0.205575E-02  0.616726E-04
  47200.00  28400.00      0.00  47200.00  28300.00      0.00  0.146524E-02  0.439571E-04
  47200.00  28500.00      0.00  47200.00  28400.00      0.00  0.862090E-03  0.258627E-04

  47200.00  27600.00      0.00  47200.00  27700.00      0.00   8

  47200.00  27900.00      0.00  47200.00  27800.00      0.00  0.732113E-01  0.219634E-02
  47200.00  28000.00      0.00  47200.00  27900.00      0.00  0.263932E-01  0.791796E-03
  47200.00  28100.00      0.00  47200.00  28000.00      0.00  0.105573E-01  0.316719E-03
  47200.00  28200.00      0.00  47200.00  28100.00      0.00  0.371362E-02  0.111409E-03
  47200.00  28300.00      0.00  47200.00  28200.00      0.00  0.150061E-02  0.450182E-04
  47200.00  28400.00      0.00  47200.00  28300.00      0.00  0.947352E-03  0.284206E-04
  47200.00  28500.00      0.00  47200.00  28400.00      0.00  0.524201E-03  0.157260E-04
  47200.00  28600.00      0.00  47200.00  28500.00      0.00  0.411151E-03  0.123345E-04

  47200.00  27700.00      0.00  47200.00  27800.00      0.00   8

  47200.00  28000.00      0.00  47200.00  27900.00      0.00  0.106103E+00  0.318310E-02
  47200.00  28100.00      0.00  47200.00  28000.00      0.00  0.342183E-01  0.102655E-02
  47200.00  28200.00      0.00  47200.00  28100.00      0.00  0.115122E-01  0.345367E-03
  47200.00  28300.00      0.00  47200.00  28200.00      0.00  0.405845E-02  0.121754E-03
  47200.00  28400.00      0.00  47200.00  28300.00      0.00  0.244038E-02  0.732113E-04
  47200.00  28500.00      0.00  47200.00  28400.00      0.00  0.121261E-02  0.363783E-04
  47200.00  28600.00      0.00  47200.00  28500.00      0.00  0.871564E-03  0.261469E-04
  47200.00  28700.00      0.00  47200.00  28600.00      0.00  0.862090E-03  0.258627E-04

  47200.00  27800.00      0.00  47200.00  27900.00      0.00   8

  47200.00  28100.00      0.00  47200.00  28000.00      0.00  0.434493E+00  0.130348E-01
  47200.00  28200.00      0.00  47200.00  28100.00      0.00  0.928405E-01  0.278521E-02
  47200.00  28300.00      0.00  47200.00  28200.00      0.00  0.317249E-01  0.951747E-03
  47200.00  28400.00      0.00  47200.00  28300.00      0.00  0.166052E-01  0.498155E-03
  47200.00  28500.00      0.00  47200.00  28400.00      0.00  0.798807E-02  0.239642E-03
  47200.00  28600.00      0.00  47200.00  28500.00      0.00  0.530517E-02  0.159155E-03
  47200.00  28700.00      0.00  47200.00  28600.00      0.00  0.452203E-02  0.135661E-03
  47200.00  28800.00      0.00  47200.00  28700.00      0.00  0.383741E-02  0.115122E-03

  47200.00  27900.00      0.00  47200.00  28000.00      0.00   8

  47200.00  28200.00      0.00  47200.00  28100.00      0.00  0.154380E+00  0.463141E-02
  47200.00  28300.00      0.00  47200.00  28200.00      0.00  0.484097E-01  0.145229E-02
  47200.00  28400.00      0.00  47200.00  28300.00      0.00  0.240855E-01  0.722564E-03
  47200.00  28500.00      0.00  47200.00  28400.00      0.00  0.110613E-01  0.331838E-03
  47200.00  28600.00      0.00  47200.00  28500.00      0.00  0.700282E-02  0.210085E-03
  47200.00  28700.00      0.00  47200.00  28600.00      0.00  0.575042E-02  0.172513E-03
  47200.00  28800.00      0.00  47200.00  28700.00      0.00  0.476834E-02  0.143050E-03
  47200.00  28900.00      0.00  47200.00  28800.00      0.00  0.592411E-03  0.177723E-04

  47200.00  28000.00      0.00  47200.00  28100.00      0.00   8

  47200.00  28300.00      0.00  47200.00  28200.00      0.00  0.122019E+00  0.366057E-02
  47200.00  28400.00      0.00  47200.00  28300.00      0.00  0.515928E-01  0.154778E-02
  47200.00  28500.00      0.00  47200.00  28400.00      0.00  0.221756E-01  0.665268E-03
  47200.00  28600.00      0.00  47200.00  28500.00      0.00  0.133425E-01  0.400275E-03
  47200.00  28700.00      0.00  47200.00  28600.00      0.00  0.105042E-01  0.315127E-03
  47200.00  28800.00      0.00  47200.00  28700.00      0.00  0.844090E-02  0.253227E-03
  47200.00  28900.00      0.00  47200.00  28800.00      0.00  0.102314E-02  0.306942E-04
  47200.00  29000.00      0.00  47200.00  28900.00      0.00  0.108314E-02  0.324942E-04

  47200.00  28100.00      0.00  47200.00  28200.00      0.00   9

  47200.00  28400.00      0.00  47200.00  28300.00      0.00  0.721503E-01  0.216451E-02
  47200.00  28500.00      0.00  47200.00  28400.00      0.00  0.238733E-01  0.716198E-03
  47200.00  28600.00      0.00  47200.00  28500.00      0.00  0.125732E-01  0.377197E-03
  47200.00  28700.00      0.00  47200.00  28600.00      0.00  0.885963E-02  0.265789E-03
  47200.00  28800.00      0.00  47200.00  28700.00      0.00  0.674514E-02  0.202354E-03
  47200.00  28900.00      0.00  47200.00  28800.00      0.00  0.757881E-03  0.227364E-04
  47200.00  29000.00      0.00  47200.00  28900.00      0.00  0.770513E-03  0.231154E-04
  47200.00  29100.00      0.00  47200.00  29000.00      0.00  0.981456E-03  0.294437E-04
  47200.00  29200.00      0.00  47200.00  29100.00      0.00  0.855258E-03  0.256577E-04

  47200.00  28200.00      0.00  47200.00  28300.00      0.00   8

  47200.00  28500.00      0.00  47200.00  28400.00      0.00  0.663146E-01  0.198944E-02
  47200.00  28600.00      0.00  47200.00  28500.00      0.00  0.265258E-01  0.795775E-03
  47200.00  28700.00      0.00  47200.00  28600.00      0.00  0.152789E-01  0.458367E-03
  47200.00  28800.00      0.00  47200.00  28700.00      0.00  0.108225E-01  0.324676E-03
  47200.00  28900.00      0.00  47200.00  28800.00      0.00  0.939773E-03  0.281932E-04
  47200.00  29000.00      0.00  47200.00  28900.00      0.00  0.937878E-03  0.281363E-04
  47200.00  29100.00      0.00  47200.00  29000.00      0.00  0.991561E-03  0.297468E-04
  47200.00  29200.00      0.00  47200.00  29100.00      0.00  0.910721E-03  0.273216E-04

  47200.00  28300.00      0.00  47200.00  28400.00      0.00   7

  47200.00  28600.00      0.00  47200.00  28500.00      0.00  0.135282E+00  0.405846E-02
  47200.00  28700.00      0.00  47200.00  28600.00      0.00  0.473486E-01  0.142046E-02
  47200.00  28800.00      0.00  47200.00  28700.00      0.00  0.303986E-01  0.911959E-03
  47200.00  28900.00      0.00  47200.00  28800.00      0.00  0.220164E-02  0.660494E-04
  47200.00  29000.00      0.00  47200.00  28900.00      0.00  0.207660E-02  0.622978E-04
  47200.00  29100.00      0.00  47200.00  29000.00      0.00  0.199891E-02  0.599674E-04
  47200.00  29200.00      0.00  47200.00  29100.00      0.00  0.184418E-02  0.553253E-04

  47200.00  28400.00      0.00  47200.00  28500.00      0.00   6

  47200.00  28700.00      0.00  47200.00  28600.00      0.00  0.114061E+00  0.342183E-02
  47200.00  28800.00      0.00  47200.00  28700.00      0.00  0.502665E-01  0.150799E-02
  47200.00  28900.00      0.00  47200.00  28800.00      0.00  0.307700E-02  0.923099E-04
  47200.00  29000.00      0.00  47200.00  28900.00      0.00  0.262606E-02  0.787818E-04
  47200.00  29100.00      0.00  47200.00  29000.00      0.00  0.251617E-02  0.754850E-04
  47200.00  29200.00      0.00  47200.00  29100.00      0.00  0.215996E-02  0.647989E-04

  47700.00  26200.00      0.00  47700.00  26300.00      0.00   7

  47700.00  26600.00      0.00  47700.00  26500.00      0.00  0.636620E-02  0.318310E-03
  47700.00  26700.00      0.00  47700.00  26600.00      0.00  0.254648E-02  0.127324E-03
  47700.00  26800.00      0.00  47700.00  26700.00      0.00  0.172418E-02  0.862090E-04
  47700.00  26900.00      0.00  47700.00  26800.00      0.00  0.210691E-02  0.105345E-03
  47700.00  27000.00      0.00  47700.00  26900.00      0.00  0.956825E-03  0.478413E-04
  47700.00  27100.00      0.00  47700.00  27000.00      0.00  0.486307E-03  0.243154E-04
  47700.00  27200.00      0.00  47700.00  27100.00      0.00  0.468623E-03  0.234312E-04

  47700.00  26300.00      0.00  47700.00  26400.00      0.00   8

  47700.00  26600.00      0.00  47700.00  26500.00      0.00  0.180376E-01  0.901879E-03
  47700.00  26700.00      0.00  47700.00  26600.00      0.00  0.517254E-02  0.258627E-03
  47700.00  26800.00      0.00  47700.00  26700.00      0.00  0.291784E-02  0.145892E-03
  47700.00  26900.00      0.00  47700.00  26800.00      0.00  0.320963E-02  0.160481E-03
  47700.00  27000.00      0.00  47700.00  26900.00      0.00  0.139450E-02  0.697251E-04
  47700.00  27100.00      0.00  47700.00  27000.00      0.00  0.682093E-03  0.341047E-04
  47700.00  27200.00      0.00  47700.00  27100.00      0.00  0.631568E-03  0.315784E-04
  47700.00  27300.00      0.00  47700.00  27200.00      0.00  0.353678E-03  0.176839E-04

  47700.00  26400.00      0.00  47700.00  26500.00      0.00   7

  47700.00  26700.00      0.00  47700.00  26600.00      0.00  0.164460E-01  0.822301E-03
  47700.00  26800.00      0.00  47700.00  26700.00      0.00  0.636620E-02  0.318310E-03
  47700.00  26900.00      0.00  47700.00  26800.00      0.00  0.594179E-02  0.297089E-03
  47700.00  27000.00      0.00  47700.00  26900.00      0.00  0.236080E-02  0.118040E-03
  47700.00  27100.00      0.00  47700.00  27000.00      0.00  0.107619E-02  0.538096E-04
  47700.00  27200.00      0.00  47700.00  27100.00      0.00  0.947352E-03  0.473676E-04
  47700.00  27300.00      0.00  47700.00  27200.00      0.00  0.505254E-03  0.252627E-04

  47700.00  26500.00      0.00  47700.00  26600.00      0.00   6

  47700.00  26800.00      0.00  47700.00  26700.00      0.00  0.153850E-01  0.769250E-03
  47700.00  26900.00      0.00  47700.00  26800.00      0.00  0.981456E-02  0.490728E-03
  47700.00  27000.00      0.00  47700.00  26900.00      0.00  0.339531E-02  0.169765E-03
  47700.00  27100.00      0.00  47700.00  27000.00      0.00  0.140587E-02  0.702935E-04
  47700.00  27200.00      0.00  47700.00  27100.00      0.00  0.115198E-02  0.575990E-04
  47700.00  27300.00      0.00  47700.00  27200.00      0.00  0.587358E-03  0.293679E-04

  47700.00  26600.00      0.00  47700.00  26700.00      0.00   8

  47700.00  26900.00      0.00  47700.00  26800.00      0.00  0.238733E-01  0.119366E-02
  47700.00  27000.00      0.00  47700.00  26900.00      0.00  0.570306E-02  0.285153E-03
  47700.00  27100.00      0.00  47700.00  27000.00      0.00  0.196291E-02  0.981456E-04
  47700.00  27200.00      0.00  47700.00  27100.00      0.00  0.148545E-02  0.742724E-04
  47700.00  27300.00      0.00  47700.00  27200.00      0.00  0.712408E-03  0.356204E-04
  47700.00  27400.00      0.00  47700.00  27300.00      0.00  0.691567E-03  0.345783E-04
  47700.00  27500.00      0.00  47700.00  27400.00      0.00  0.479991E-03  0.239996E-04
  47700.00  27600.00      0.00  47700.00  27500.00      0.00  0.331573E-03  0.165786E-04

  47700.00  26700.00      0.00  47700.00  26800.00      0.00   7

  47700.00  27000.00      0.00  47700.00  26900.00      0.00  0.419108E-01  0.209554E-02
  47700.00  27100.00      0.00  47700.00  27000.00      0.00  0.729461E-02  0.364730E-03
  47700.00  27200.00      0.00  47700.00  27100.00      0.00  0.450939E-02  0.225470E-03
  47700.00  27300.00      0.00  47700.00  27200.00      0.00  0.185681E-02  0.928405E-04
  47700.00  27400.00      0.00  47700.00  27300.00      0.00  0.154608E-02  0.773039E-04
  47700.00  27500.00      0.00  47700.00  27400.00      0.00  0.994719E-03  0.497360E-04
  47700.00  27600.00      0.00  47700.00  27500.00      0.00  0.650515E-03  0.325257E-04

  47700.00  26800.00      0.00  47700.00  26900.00      0.00   6

  47700.00  27100.00      0.00  47700.00  27000.00      0.00  0.816996E-01  0.408498E-02
  47700.00  27200.00      0.00  47700.00  27100.00      0.00  0.286479E-01  0.143240E-02
  47700.00  27300.00      0.00  47700.00  27200.00      0.00  0.103981E-01  0.519907E-03
  47700.00  27400.00      0.00  47700.00  27300.00      0.00  0.567653E-02  0.283827E-03
  47700.00  27500.00      0.00  47700.00  27400.00      0.00  0.316794E-02  0.158397E-03
  47700.00  27600.00      0.00  47700.00  27500.00      0.00  0.190418E-02  0.952088E-04

  47700.00  26900.00      0.00  47700.00  27000.00      0.00   6

  47700.00  27200.00      0.00  47700.00  27100.00      0.00  0.103981E+00  0.519907E-02
  47700.00  27300.00      0.00  47700.00  27200.00      0.00  0.238733E-01  0.119366E-02
  47700.00  27400.00      0.00  47700.00  27300.00      0.00  0.928405E-02  0.464202E-03
  47700.00  27500.00      0.00  47700.00  27400.00      0.00  0.450939E-02  0.225470E-03
  47700.00  27600.00      0.00  47700.00  27500.00      0.00  0.245554E-02  0.122777E-03
  47700.00  27700.00      0.00  47700.00  27600.00      0.00  0.144945E-02  0.724724E-04

  47700.00  27000.00      0.00  47700.00  27100.00      0.00   6

  47700.00  27300.00      0.00  47700.00  27200.00      0.00  0.109287E+00  0.546432E-02
  47700.00  27400.00      0.00  47700.00  27300.00      0.00  0.244038E-01  0.122019E-02
  47700.00  27500.00      0.00  47700.00  27400.00      0.00  0.769249E-02  0.384625E-03
  47700.00  27600.00      0.00  47700.00  27500.00      0.00  0.331573E-02  0.165787E-03
  47700.00  27700.00      0.00  47700.00  27600.00      0.00  0.175828E-02  0.879142E-04
  47700.00  27800.00      0.00  47700.00  27700.00      0.00  0.127892E-02  0.639462E-04

  47700.00  27100.00      0.00  47700.00  27200.00      0.00   7

  47700.00  27400.00      0.00  47700.00  27300.00      0.00  0.123610E+00  0.618052E-02
  47700.00  27500.00      0.00  47700.00  27400.00      0.00  0.246690E-01  0.123345E-02
  47700.00  27600.00      0.00  47700.00  27500.00      0.00  0.785165E-02  0.392583E-03
  47700.00  27700.00      0.00  47700.00  27600.00      0.00  0.379320E-02  0.189660E-03
  47700.00  27800.00      0.00  47700.00  27700.00      0.00  0.263743E-02  0.131871E-03
  47700.00  27900.00      0.00  47700.00  27800.00      0.00  0.154418E-02  0.772092E-04
  47700.00  28000.00      0.00  47700.00  27900.00      0.00  0.833669E-03  0.416835E-04

  47700.00  27200.00      0.00  47700.00  27300.00      0.00   6

  47700.00  27500.00      0.00  47700.00  27400.00      0.00  0.952278E+00  0.476139E-01
  47700.00  27600.00      0.00  47700.00  27500.00      0.00  0.106899E+00  0.534496E-02
  47700.00  27700.00      0.00  47700.00  27600.00      0.00  0.343775E-01  0.171888E-02
  47700.00  27800.00      0.00  47700.00  27700.00      0.00  0.232366E-01  0.116183E-02
  47700.00  27900.00      0.00  47700.00  27800.00      0.00  0.701798E-02  0.350899E-03
  47700.00  28000.00      0.00  47700.00  27900.00      0.00  0.257680E-02  0.128840E-03

  47700.00  27300.00      0.00  47700.00  27400.00      0.00   8

  47700.00  27600.00      0.00  47700.00  27500.00      0.00  0.538475E+00  0.269237E-01
  47700.00  27700.00      0.00  47700.00  27600.00      0.00  0.911163E-01  0.455581E-02
  47700.00  27800.00      0.00  47700.00  27700.00      0.00  0.401601E-01  0.200801E-02
  47700.00  27900.00      0.00  47700.00  27800.00      0.00  0.116183E-01  0.580916E-03
  47700.00  28000.00      0.00  47700.00  27900.00      0.00  0.365299E-02  0.182649E-03
  47700.00  28100.00      0.00  47700.00  28000.00      0.00  0.307889E-02  0.153945E-03
  47700.00  28200.00      0.00  47700.00  28100.00      0.00  0.155366E-02  0.776828E-04
  47700.00  28300.00      0.00  47700.00  28200.00      0.00  0.870932E-03  0.435466E-04

  47700.00  27400.00      0.00  47700.00  27500.00      0.00   8

  47700.00  27700.00      0.00  47700.00  27600.00      0.00  0.396827E+00  0.198413E-01
  47700.00  27800.00      0.00  47700.00  27700.00      0.00  0.124008E+00  0.620042E-02
  47700.00  27900.00      0.00  47700.00  27800.00      0.00  0.303456E-01  0.151728E-02
  47700.00  28000.00      0.00  47700.00  27900.00      0.00  0.777207E-02  0.388604E-03
  47700.00  28100.00      0.00  47700.00  28000.00      0.00  0.428961E-02  0.214480E-03
  47700.00  28200.00      0.00  47700.00  28100.00      0.00  0.197049E-02  0.985246E-04
  47700.00  28300.00      0.00  47700.00  28200.00      0.00  0.106103E-02  0.530517E-04
  47700.00  28400.00      0.00  47700.00  28300.00      0.00  0.636620E-03  0.318310E-04

  47700.00  27500.00      0.00  47700.00  27600.00      0.00   7

  47700.00  27800.00      0.00  47700.00  27700.00      0.00  0.490728E+00  0.245364E-01
  47700.00  27900.00      0.00  47700.00  27800.00      0.00  0.740071E-01  0.370036E-02
  47700.00  28000.00      0.00  47700.00  27900.00      0.00  0.158625E-01  0.793123E-03
  47700.00  28100.00      0.00  47700.00  28000.00      0.00  0.766597E-02  0.383298E-03
  47700.00  28200.00      0.00  47700.00  28100.00      0.00  0.347110E-02  0.173555E-03
  47700.00  28300.00      0.00  47700.00  28200.00      0.00  0.180944E-02  0.904721E-04
  47700.00  28400.00      0.00  47700.00  28300.00      0.00  0.107998E-02  0.539990E-04

  47700.00  27600.00      0.00  47700.00  27700.00      0.00   6

  47700.00  27900.00      0.00  47700.00  27800.00      0.00  0.238202E+00  0.119101E-01
  47700.00  28000.00      0.00  47700.00  27900.00      0.00  0.355446E-01  0.177723E-02
  47700.00  28100.00      0.00  47700.00  28000.00      0.00  0.129977E-01  0.649883E-03
  47700.00  28200.00      0.00  47700.00  28100.00      0.00  0.488076E-02  0.244038E-03
  47700.00  28300.00      0.00  47700.00  28200.00      0.00  0.244038E-02  0.122019E-03
  47700.00  28400.00      0.00  47700.00  28300.00      0.00  0.133577E-02  0.667883E-04

  47700.00  27700.00      0.00  47700.00  27800.00      0.00   5

  47700.00  28000.00      0.00  47700.00  27900.00      0.00  0.133690E+00  0.668451E-02
  47700.00  28100.00      0.00  47700.00  28000.00      0.00  0.322289E-01  0.161144E-02
  47700.00  28200.00      0.00  47700.00  28100.00      0.00  0.103451E-01  0.517254E-03
  47700.00  28300.00      0.00  47700.00  28200.00      0.00  0.490728E-02  0.245364E-03
  47700.00  28400.00      0.00  47700.00  28300.00      0.00  0.254648E-02  0.127324E-03

  47700.00  27800.00      0.00  47700.00  27900.00      0.00   4

  47700.00  28100.00      0.00  47700.00  28000.00      0.00  0.224939E+00  0.112470E-01
  47700.00  28200.00      0.00  47700.00  28100.00      0.00  0.490728E-01  0.245364E-02
  47700.00  28300.00      0.00  47700.00  28200.00      0.00  0.207963E-01  0.103981E-02
  47700.00  28400.00      0.00  47700.00  28300.00      0.00  0.102390E-01  0.511949E-03

  47700.00  27900.00      0.00  47700.00  28000.00      0.00   3

  47700.00  28200.00      0.00  47700.00  28100.00      0.00  0.162869E+00  0.814343E-02
  47700.00  28300.00      0.00  47700.00  28200.00      0.00  0.538475E-01  0.269237E-02
  47700.00  28400.00      0.00  47700.00  28300.00      0.00  0.233427E-01  0.116714E-02

  45500.00  27750.00      0.00  45600.00  27750.00      0.00   5

  46100.00  27750.00      0.00  46000.00  27750.00      0.00  0.413803E-02  0.124141E-03
  46200.00  27750.00      0.00  46100.00  27750.00      0.00  0.162187E-02  0.486560E-04
  46300.00  27750.00      0.00  46200.00  27750.00      0.00  0.881037E-03  0.264311E-04
  46400.00  27750.00      0.00  46300.00  27750.00      0.00  0.152839E-02  0.458518E-04
  46500.00  27750.00      0.00  46400.00  27750.00      0.00  0.592411E-03  0.177723E-04

  45600.00  27750.00      0.00  45700.00  27750.00      0.00   6

  46100.00  27750.00      0.00  46000.00  27750.00      0.00  0.673757E-02  0.202127E-03
  46200.00  27750.00      0.00  46100.00  27750.00      0.00  0.238733E-02  0.716198E-04
  46300.00  27750.00      0.00  46200.00  27750.00      0.00  0.119745E-02  0.359236E-04
  46400.00  27750.00      0.00  46300.00  27750.00      0.00  0.197997E-02  0.593989E-04
  46500.00  27750.00      0.00  46400.00  27750.00      0.00  0.751566E-03  0.225470E-04
  46600.00  27750.00      0.00  46500.00  27750.00      0.00  0.610095E-03  0.183028E-04

  45700.00  27750.00      0.00  45800.00  27750.00      0.00   7

  46100.00  27750.00      0.00  46000.00  27750.00      0.00  0.994719E-02  0.298416E-03
  46200.00  27750.00      0.00  46100.00  27750.00      0.00  0.297090E-02  0.891268E-04
  46300.00  27750.00      0.00  46200.00  27750.00      0.00  0.137934E-02  0.413803E-04
  46400.00  27750.00      0.00  46300.00  27750.00      0.00  0.215238E-02  0.645715E-04
  46500.00  27750.00      0.00  46400.00  27750.00      0.00  0.776828E-03  0.233049E-04
  46600.00  27750.00      0.00  46500.00  27750.00      0.00  0.606305E-03  0.181892E-04
  46700.00  27750.00      0.00  46600.00  27750.00      0.00  0.287363E-03  0.862090E-05

  45800.00  27750.00      0.00  45900.00  27750.00      0.00   8

  46100.00  27750.00      0.00  46000.00  27750.00      0.00  0.270564E-01  0.811691E-03
  46200.00  27750.00      0.00  46100.00  27750.00      0.00  0.570306E-02  0.171092E-03
  46300.00  27750.00      0.00  46200.00  27750.00      0.00  0.222817E-02  0.668451E-04
  46400.00  27750.00      0.00  46300.00  27750.00      0.00  0.328921E-02  0.986761E-04
  46500.00  27750.00      0.00  46400.00  27750.00      0.00  0.112166E-02  0.336499E-04
  46600.00  27750.00      0.00  46500.00  27750.00      0.00  0.824196E-03  0.247259E-04
  46700.00  27750.00      0.00  46600.00  27750.00      0.00  0.372625E-03  0.111788E-04
  46800.00  27750.00      0.00  46700.00  27750.00      0.00  0.278521E-03  0.835564E-05

  45900.00  27750.00      0.00  46000.00  27750.00      0.00   8

  46200.00  27750.00      0.00  46100.00  27750.00      0.00  0.270564E-01  0.811691E-03
  46300.00  27750.00      0.00  46200.00  27750.00      0.00  0.742724E-02  0.222817E-03
  46400.00  27750.00      0.00  46300.00  27750.00      0.00  0.986761E-02  0.296028E-03
  46500.00  27750.00      0.00  46400.00  27750.00      0.00  0.315658E-02  0.946973E-04
  46600.00  27750.00      0.00  46500.00  27750.00      0.00  0.210691E-02  0.632073E-04
  46700.00  27750.00      0.00  46600.00  27750.00      0.00  0.909458E-03  0.272837E-04
  46800.00  27750.00      0.00  46700.00  27750.00      0.00  0.669462E-03  0.200838E-04
  46900.00  27750.00      0.00  46800.00  27750.00      0.00  0.627778E-03  0.188334E-04

  46000.00  27750.00      0.00  46100.00  27750.00      0.00   8

  46300.00  27750.00      0.00  46200.00  27750.00      0.00  0.201596E-01  0.604789E-03
  46400.00  27750.00      0.00  46300.00  27750.00      0.00  0.201596E-01  0.604789E-03
  46500.00  27750.00      0.00  46400.00  27750.00      0.00  0.572958E-02  0.171887E-03
  46600.00  27750.00      0.00  46500.00  27750.00      0.00  0.331573E-02  0.994719E-04
  46700.00  27750.00      0.00  46600.00  27750.00      0.00  0.110651E-02  0.331952E-04
  46800.00  27750.00      0.00  46700.00  27750.00      0.00  0.824196E-03  0.247259E-04
  46900.00  27750.00      0.00  46800.00  27750.00      0.00  0.776828E-03  0.233049E-04
  47000.00  27750.00      0.00  46900.00  27750.00      0.00  0.450939E-03  0.135282E-04

  46100.00  27750.00      0.00  46200.00  27750.00      0.00   8

  46400.00  27750.00      0.00  46300.00  27750.00      0.00  0.694977E-01  0.208493E-02
  46500.00  27750.00      0.00  46400.00  27750.00      0.00  0.143240E-01  0.429719E-03
  46600.00  27750.00      0.00  46500.00  27750.00      0.00  0.594179E-02  0.178254E-03
  46700.00  27750.00      0.00  46600.00  27750.00      0.00  0.151197E-02  0.453592E-04
  46800.00  27750.00      0.00  46700.00  27750.00      0.00  0.101556E-02  0.304668E-04
  46900.00  27750.00      0.00  46800.00  27750.00      0.00  0.805249E-03  0.241575E-04
  47000.00  27750.00      0.00  46900.00  27750.00      0.00  0.442097E-03  0.132629E-04
  47100.00  27750.00      0.00  47000.00  27750.00      0.00  0.508412E-03  0.152524E-04

  46200.00  27750.00      0.00  46300.00  27750.00      0.00   8

  46500.00  27750.00      0.00  46400.00  27750.00      0.00  0.148545E+00  0.445634E-02
  46600.00  27750.00      0.00  46500.00  27750.00      0.00  0.439003E-01  0.131701E-02
  46700.00  27750.00      0.00  46600.00  27750.00      0.00  0.732113E-02  0.219634E-03
  46800.00  27750.00      0.00  46700.00  27750.00      0.00  0.323615E-02  0.970846E-04
  46900.00  27750.00      0.00  46800.00  27750.00      0.00  0.201596E-02  0.604789E-04
  47000.00  27750.00      0.00  46900.00  27750.00      0.00  0.833669E-03  0.250101E-04
  47100.00  27750.00      0.00  47000.00  27750.00      0.00  0.814722E-03  0.244417E-04
  47200.00  27750.00      0.00  47100.00  27750.00      0.00  0.322731E-03  0.968193E-05

  46300.00  27750.00      0.00  46400.00  27750.00      0.00   7

  46700.00  27750.00      0.00  46600.00  27750.00      0.00  0.639273E-01  0.191782E-02
  46800.00  27750.00      0.00  46700.00  27750.00      0.00  0.235019E-01  0.705057E-03
  46900.00  27750.00      0.00  46800.00  27750.00      0.00  0.118040E-01  0.354120E-03
  47000.00  27750.00      0.00  46900.00  27750.00      0.00  0.391067E-02  0.117320E-03
  47100.00  27750.00      0.00  47000.00  27750.00      0.00  0.312626E-02  0.937878E-04
  47200.00  27750.00      0.00  47100.00  27750.00      0.00  0.116208E-02  0.348625E-04
  47300.00  27750.00      0.00  47200.00  27750.00      0.00  0.114945E-02  0.344836E-04

  46400.00  27750.00      0.00  46500.00  27750.00      0.00   8

  46700.00  27750.00      0.00  46600.00  27750.00      0.00  0.140587E+00  0.421761E-02
  46800.00  27750.00      0.00  46700.00  27750.00      0.00  0.339531E-01  0.101859E-02
  46900.00  27750.00      0.00  46800.00  27750.00      0.00  0.136873E-01  0.410620E-03
  47000.00  27750.00      0.00  46900.00  27750.00      0.00  0.376667E-02  0.113000E-03
  47100.00  27750.00      0.00  47000.00  27750.00      0.00  0.247069E-02  0.741208E-04
  47200.00  27750.00      0.00  47100.00  27750.00      0.00  0.852616E-03  0.255785E-04
  47300.00  27750.00      0.00  47200.00  27750.00      0.00  0.821038E-03  0.246311E-04
  47400.00  27750.00      0.00  47300.00  27750.00      0.00  0.985877E-03  0.295763E-04

  46500.00  27750.00      0.00  46600.00  27750.00      0.00   7

  46800.00  27750.00      0.00  46700.00  27750.00      0.00  0.161277E+00  0.483831E-02
  46900.00  27750.00      0.00  46800.00  27750.00      0.00  0.494707E-01  0.148412E-02
  47000.00  27750.00      0.00  46900.00  27750.00      0.00  0.106103E-01  0.318310E-03
  47100.00  27750.00      0.00  47000.00  27750.00      0.00  0.506644E-02  0.151993E-03
  47200.00  27750.00      0.00  47100.00  27750.00      0.00  0.157639E-02  0.472918E-04
  47300.00  27750.00      0.00  47200.00  27750.00      0.00  0.143997E-02  0.431992E-04
  47400.00  27750.00      0.00  47300.00  27750.00      0.00  0.167366E-02  0.502096E-04

  46600.00  27750.00      0.00  46700.00  27750.00      0.00   8

  46900.00  27750.00      0.00  46800.00  27750.00      0.00  0.107695E+00  0.323085E-02
  47000.00  27750.00      0.00  46900.00  27750.00      0.00  0.177723E-01  0.533169E-03
  47100.00  27750.00      0.00  47000.00  27750.00      0.00  0.567653E-02  0.170296E-03
  47200.00  27750.00      0.00  47100.00  27750.00      0.00  0.151197E-02  0.453592E-04
  47300.00  27750.00      0.00  47200.00  27750.00      0.00  0.122777E-02  0.368330E-04
  47400.00  27750.00      0.00  47300.00  27750.00      0.00  0.129787E-02  0.389361E-04
  47500.00  27750.00      0.00  47400.00  27750.00      0.00  0.549464E-03  0.164839E-04
  47600.00  27750.00      0.00  47500.00  27750.00      0.00  0.627778E-03  0.188334E-04

  46700.00  27750.00      0.00  46800.00  27750.00      0.00   8

  47000.00  27750.00      0.00  46900.00  27750.00      0.00  0.811691E-01  0.243507E-02
  47100.00  27750.00      0.00  47000.00  27750.00      0.00  0.133955E-01  0.401867E-03
  47200.00  27750.00      0.00  47100.00  27750.00      0.00  0.281174E-02  0.843522E-04
  47300.00  27750.00      0.00  47200.00  27750.00      0.00  0.206902E-02  0.620705E-04
  47400.00  27750.00      0.00  47300.00  27750.00      0.00  0.204628E-02  0.613884E-04
  47500.00  27750.00      0.00  47400.00  27750.00      0.00  0.852616E-03  0.255785E-04
  47600.00  27750.00      0.00  47500.00  27750.00      0.00  0.884195E-03  0.265258E-04
  47700.00  27750.00      0.00  47600.00  27750.00      0.00  0.269679E-03  0.809038E-05

  46800.00  27750.00      0.00  46900.00  27750.00      0.00   8

  47100.00  27750.00      0.00  47000.00  27750.00      0.00  0.143770E+00  0.431310E-02
  47200.00  27750.00      0.00  47100.00  27750.00      0.00  0.100798E-01  0.302395E-03
  47300.00  27750.00      0.00  47200.00  27750.00      0.00  0.578263E-02  0.173479E-03
  47400.00  27750.00      0.00  47300.00  27750.00      0.00  0.546432E-02  0.163930E-03
  47500.00  27750.00      0.00  47400.00  27750.00      0.00  0.183407E-02  0.550222E-04
  47600.00  27750.00      0.00  47500.00  27750.00      0.00  0.185681E-02  0.557043E-04
  47700.00  27750.00      0.00  47600.00  27750.00      0.00  0.581042E-03  0.174313E-04
  47800.00  27750.00      0.00  47700.00  27750.00      0.00  0.751566E-03  0.225470E-04

  46900.00  27750.00      0.00  47000.00  27750.00      0.00   8

  47200.00  27750.00      0.00  47100.00  27750.00      0.00  0.440329E-01  0.132099E-02
  47300.00  27750.00      0.00  47200.00  27750.00      0.00  0.152524E-01  0.457571E-03
  47400.00  27750.00      0.00  47300.00  27750.00      0.00  0.121488E-01  0.364465E-03
  47500.00  27750.00      0.00  47400.00  27750.00      0.00  0.374014E-02  0.112204E-03
  47600.00  27750.00      0.00  47500.00  27750.00      0.00  0.319826E-02  0.959478E-04
  47700.00  27750.00      0.00  47600.00  27750.00      0.00  0.805249E-03  0.241575E-04
  47800.00  27750.00      0.00  47700.00  27750.00      0.00  0.991561E-03  0.297468E-04
  47900.00  27750.00      0.00  47800.00  27750.00      0.00  0.822301E-03  0.246690E-04

  47000.00  27750.00      0.00  47100.00  27750.00      0.00   7

  47300.00  27750.00      0.00  47200.00  27750.00      0.00  0.102390E+00  0.307169E-02
  47400.00  27750.00      0.00  47300.00  27750.00      0.00  0.599484E-01  0.179845E-02
  47500.00  27750.00      0.00  47400.00  27750.00      0.00  0.159686E-01  0.479057E-03
  47600.00  27750.00      0.00  47500.00  27750.00      0.00  0.115918E-01  0.347754E-03
  47700.00  27750.00      0.00  47600.00  27750.00      0.00  0.248585E-02  0.745755E-04
  47800.00  27750.00      0.00  47700.00  27750.00      0.00  0.269995E-02  0.809986E-04
  47900.00  27750.00      0.00  47800.00  27750.00      0.00  0.208417E-02  0.625252E-04

  47100.00  27750.00      0.00  47200.00  27750.00      0.00   8

  47400.00  27750.00      0.00  47300.00  27750.00      0.00  0.923099E-01  0.276930E-02
  47500.00  27750.00      0.00  47400.00  27750.00      0.00  0.165787E-01  0.497360E-03
  47600.00  27750.00      0.00  47500.00  27750.00      0.00  0.105573E-01  0.316719E-03
  47700.00  27750.00      0.00  47600.00  27750.00      0.00  0.201596E-02  0.604789E-04
  47800.00  27750.00      0.00  47700.00  27750.00      0.00  0.203112E-02  0.609336E-04
  47900.00  27750.00      0.00  47800.00  27750.00      0.00  0.141155E-02  0.423466E-04
  48000.00  27750.00      0.00  47900.00  27750.00      0.00  0.391572E-03  0.117472E-04
  48100.00  27750.00      0.00  48000.00  27750.00      0.00  0.481886E-03  0.144566E-04

  47200.00  27750.00      0.00  47300.00  27750.00      0.00   8

  47500.00  27750.00      0.00  47400.00  27750.00      0.00  0.454123E+00  0.136237E-01
  47600.00  27750.00      0.00  47500.00  27750.00      0.00  0.180508E+00  0.541525E-02
  47700.00  27750.00      0.00  47600.00  27750.00      0.00  0.115122E-01  0.345367E-03
  47800.00  27750.00      0.00  47700.00  27750.00      0.00  0.899226E-02  0.269768E-03
  47900.00  27750.00      0.00  47800.00  27750.00      0.00  0.491107E-02  0.147332E-03
  48000.00  27750.00      0.00  47900.00  27750.00      0.00  0.125998E-02  0.377993E-04
  48100.00  27750.00      0.00  48000.00  27750.00      0.00  0.130103E-02  0.390309E-04
  48200.00  27750.00      0.00  48100.00  27750.00      0.00  0.136608E-02  0.409824E-04

  47300.00  27750.00      0.00  47400.00  27750.00      0.00   8

  47600.00  27750.00      0.00  47500.00  27750.00      0.00  0.104830E+01  0.314490E-01
  47700.00  27750.00      0.00  47600.00  27750.00      0.00  0.416456E-01  0.124937E-02
  47800.00  27750.00      0.00  47700.00  27750.00      0.00  0.270564E-01  0.811691E-03
  47900.00  27750.00      0.00  47800.00  27750.00      0.00  0.134751E-01  0.404254E-03
  48000.00  27750.00      0.00  47900.00  27750.00      0.00  0.306184E-02  0.918552E-04
  48100.00  27750.00      0.00  48000.00  27750.00      0.00  0.294626E-02  0.883879E-04
  48200.00  27750.00      0.00  48100.00  27750.00      0.00  0.301889E-02  0.905668E-04
  48300.00  27750.00      0.00  48200.00  27750.00      0.00  0.132187E-02  0.396561E-04

  47400.00  27750.00      0.00  47500.00  27750.00      0.00   8

  47700.00  27750.00      0.00  47600.00  27750.00      0.00  0.163399E+00  0.490198E-02
  47800.00  27750.00      0.00  47700.00  27750.00      0.00  0.590200E-01  0.177060E-02
  47900.00  27750.00      0.00  47800.00  27750.00      0.00  0.243507E-01  0.730522E-03
  48000.00  27750.00      0.00  47900.00  27750.00      0.00  0.397888E-02  0.119366E-03
  48100.00  27750.00      0.00  48000.00  27750.00      0.00  0.347110E-02  0.104133E-03
  48200.00  27750.00      0.00  48100.00  27750.00      0.00  0.341047E-02  0.102314E-03
  48300.00  27750.00      0.00  48200.00  27750.00      0.00  0.111156E-02  0.333468E-04
  48400.00  27750.00      0.00  48300.00  27750.00      0.00  0.632199E-03  0.189660E-04

  47500.00  27750.00      0.00  47600.00  27750.00      0.00   7

  47800.00  27750.00      0.00  47700.00  27750.00      0.00  0.804264E+00  0.241279E-01
  47900.00  27750.00      0.00  47800.00  27750.00      0.00  0.152656E+00  0.457969E-02
  48000.00  27750.00      0.00  47900.00  27750.00      0.00  0.187803E-01  0.563409E-03
  48100.00  27750.00      0.00  48000.00  27750.00      0.00  0.145096E-01  0.435289E-03
  48200.00  27750.00      0.00  48100.00  27750.00      0.00  0.133539E-01  0.400616E-03
  48300.00  27750.00      0.00  48200.00  27750.00      0.00  0.397888E-02  0.119366E-03
  48400.00  27750.00      0.00  48300.00  27750.00      0.00  0.215365E-02  0.646094E-04

  47600.00  27750.00      0.00  47700.00  27750.00      0.00   6

  47900.00  27750.00      0.00  47800.00  27750.00      0.00  0.232366E+00  0.697099E-02
  48000.00  27750.00      0.00  47900.00  27750.00      0.00  0.198944E-01  0.596831E-03
  48100.00  27750.00      0.00  48000.00  27750.00      0.00  0.132099E-01  0.396296E-03
  48200.00  27750.00      0.00  48100.00  27750.00      0.00  0.115387E-01  0.346162E-03
  48300.00  27750.00      0.00  48200.00  27750.00      0.00  0.333468E-02  0.100040E-03
  48400.00  27750.00      0.00  48300.00  27750.00      0.00  0.171471E-02  0.514412E-04

  47700.00  27750.00      0.00  47800.00  27750.00      0.00   5

  48000.00  27750.00      0.00  47900.00  27750.00      0.00  0.960236E-01  0.288071E-02
  48100.00  27750.00      0.00  48000.00  27750.00      0.00  0.476139E-01  0.142842E-02
  48200.00  27750.00      0.00  48100.00  27750.00      0.00  0.387277E-01  0.116183E-02
  48300.00  27750.00      0.00  48200.00  27750.00      0.00  0.102655E-01  0.307965E-03
  48400.00  27750.00      0.00  48300.00  27750.00      0.00  0.492623E-02  0.147787E-03

  47800.00  27750.00      0.00  47900.00  27750.00      0.00   4

  48100.00  27750.00      0.00  48000.00  27750.00      0.00  0.274808E+00  0.824423E-02
  48200.00  27750.00      0.00  48100.00  27750.00      0.00  0.169765E+00  0.509296E-02
  48300.00  27750.00      0.00  48200.00  27750.00      0.00  0.400010E-01  0.120003E-02
  48400.00  27750.00      0.00  48300.00  27750.00      0.00  0.172949E-01  0.518846E-03
